0.000 0.000 0.000 0.000 0.000 0.000 
0.000 0.000 0.000 0.000 0.000 0.000 
0.000 0.100 0.100 0.000 0.000 0.000 
1.000 0.100 0.100 0.000 0.000 0.000 
2.000 0.100 0.100 0.000 0.001 0.000 
3.000 0.100 0.100 -0.000 0.002 -0.000 
4.000 0.100 0.100 -0.000 0.003 -0.000 
5.000 0.100 0.100 0.000 0.004 -0.000 
6.000 0.100 0.100 0.000 0.005 -0.000 
7.000 0.100 0.100 -0.000 0.006 -0.000 
8.000 0.100 0.100 -0.000 0.007 -0.000 
9.000 0.100 0.100 0.000 0.008 -0.000 
10.000 0.100 0.100 0.000 0.009 -0.000 
11.000 0.100 0.100 0.000 0.010 -0.000 
12.000 0.100 0.100 -0.000 0.011 -0.000 
13.000 0.100 0.100 0.000 0.012 -0.000 
14.000 0.100 0.100 0.000 0.013 -0.000 
15.000 0.100 0.100 0.000 0.014 -0.000 
16.000 0.100 0.100 -0.000 0.015 -0.000 
17.000 0.100 0.100 0.000 0.016 -0.000 
18.000 0.100 0.100 0.000 0.017 -0.000 
19.000 0.100 0.100 0.000 0.018 -0.000 
20.000 0.100 0.100 -0.000 0.019 -0.000 
21.000 0.100 0.100 -0.000 0.020 -0.000 
22.000 0.100 0.100 0.000 0.021 -0.000 
23.000 0.100 0.100 0.000 0.022 -0.000 
24.000 0.100 0.100 -0.000 0.023 -0.000 
25.000 0.100 0.100 -0.000 0.024 -0.000 
26.000 0.100 0.100 0.000 0.025 -0.000 
27.000 0.100 0.100 0.000 0.026 -0.000 
28.000 0.100 0.100 -0.000 0.027 -0.000 
29.000 0.100 0.100 -0.000 0.028 -0.000 
30.000 0.100 0.100 0.000 0.029 -0.000 
31.000 0.100 0.100 0.000 0.030 -0.000 
32.000 0.100 0.100 -0.000 0.031 -0.000 
33.000 0.100 0.100 -0.000 0.032 -0.000 
34.000 0.100 0.100 0.000 0.033 -0.000 
35.000 0.100 0.100 0.000 0.034 -0.000 
36.000 0.100 0.100 0.000 0.035 -0.000 
37.000 0.100 0.100 -0.000 0.036 -0.000 
38.000 0.100 0.100 0.000 0.037 -0.000 
39.000 0.100 0.100 0.000 0.038 -0.000 
40.000 0.100 0.100 0.000 0.039 -0.000 
41.000 0.100 0.100 -0.000 0.040 -0.000 
42.000 0.100 0.100 -0.000 0.041 -0.000 
43.000 0.100 0.100 0.000 0.042 -0.000 
44.000 0.100 0.100 0.000 0.043 -0.000 
45.000 0.100 0.100 -0.000 0.044 -0.000 
46.000 0.100 0.100 -0.000 0.045 -0.000 
47.000 0.100 0.100 0.000 0.046 -0.000 
48.000 0.100 0.100 0.000 0.047 -0.000 
49.000 0.100 0.100 -0.000 0.048 -0.000 
50.000 0.100 0.100 -0.000 0.049 -0.000 
51.000 0.100 0.100 0.000 0.050 -0.000 
52.000 0.100 0.100 0.000 0.051 -0.000 
53.000 0.100 0.100 -0.000 0.052 -0.000 
54.000 0.100 0.100 -0.000 0.053 -0.000 
55.000 0.100 0.100 0.000 0.054 -0.000 
56.000 0.100 0.100 0.000 0.055 -0.000 
57.000 0.100 0.100 0.000 0.056 -0.000 
58.000 0.100 0.100 -0.000 0.057 -0.000 
59.000 0.100 0.100 0.000 0.058 -0.000 
60.000 0.100 0.100 0.000 0.059 -0.000 
61.000 0.100 0.100 0.000 0.060 -0.000 
62.000 0.100 0.100 -0.000 0.061 -0.000 
63.000 0.100 0.100 0.000 0.062 -0.000 
64.000 0.100 0.100 0.000 0.063 -0.000 
65.000 0.100 0.100 0.000 0.064 -0.000 
66.000 0.100 0.100 -0.000 0.065 -0.000 
67.000 0.100 0.100 -0.000 0.066 -0.000 
68.000 0.100 0.100 0.000 0.067 -0.000 
69.000 0.100 0.100 0.000 0.068 -0.000 
70.000 0.100 0.100 -0.000 0.069 -0.000 
71.000 0.100 0.100 -0.000 0.070 -0.000 
72.000 0.100 0.100 0.000 0.071 -0.000 
73.000 0.100 0.100 0.000 0.072 -0.000 
74.000 0.100 0.100 -0.000 0.073 -0.000 
75.000 0.100 0.100 -0.000 0.074 -0.000 
76.000 0.100 0.100 0.000 0.075 -0.000 
77.000 0.100 0.100 0.000 0.076 -0.000 
78.000 0.100 0.100 -0.000 0.077 -0.000 
79.000 0.100 0.100 -0.000 0.078 -0.000 
80.000 0.100 0.100 0.000 0.079 -0.000 
81.000 0.100 0.100 0.000 0.080 -0.000 
82.000 0.100 0.100 0.000 0.081 -0.000 
83.000 0.100 0.100 -0.000 0.082 -0.000 
84.000 0.100 0.100 0.000 0.083 -0.000 
85.000 0.100 0.100 0.000 0.084 -0.000 
86.000 0.100 0.100 0.000 0.085 -0.000 
87.000 0.100 0.100 -0.000 0.086 -0.000 
88.000 0.100 0.100 -0.000 0.087 -0.000 
89.000 0.100 0.100 0.000 0.088 -0.000 
90.000 0.100 0.100 0.000 0.089 -0.000 
91.000 0.100 0.100 -0.000 0.090 -0.000 
92.000 0.100 0.100 -0.000 0.091 -0.000 
93.000 0.100 0.100 0.000 0.092 -0.000 
94.000 0.100 0.100 0.000 0.093 -0.000 
95.000 0.100 0.100 -0.000 0.094 -0.000 
96.000 0.100 0.100 -0.000 0.095 -0.000 
97.000 0.100 0.100 0.000 0.096 -0.000 
98.000 0.100 0.100 0.000 0.097 -0.000 
99.000 0.100 0.100 -0.000 0.098 -0.000 
100.000 0.100 0.100 -0.000 0.099 -0.000 
101.000 0.100 0.100 0.000 0.100 -0.000 
102.000 0.100 0.100 0.000 0.101 -0.000 
103.000 0.100 0.100 0.000 0.102 -0.000 
104.000 0.100 0.100 -0.000 0.103 -0.000 
105.000 0.100 0.100 0.000 0.104 -0.000 
106.000 0.100 0.100 0.000 0.105 -0.000 
107.000 0.100 0.100 0.000 0.106 -0.000 
108.000 0.100 0.100 -0.000 0.107 -0.000 
109.000 0.100 0.100 0.000 0.108 -0.000 
110.000 0.100 0.100 0.000 0.109 -0.000 
111.000 0.100 0.100 0.000 0.110 -0.000 
112.000 0.100 0.100 -0.000 0.111 -0.000 
113.000 0.100 0.100 -0.000 0.112 -0.000 
114.000 0.100 0.100 0.000 0.113 -0.000 
115.000 0.100 0.100 0.000 0.114 -0.000 
116.000 0.100 0.100 -0.000 0.115 -0.000 
117.000 0.100 0.100 -0.000 0.116 -0.000 
118.000 0.100 0.100 0.000 0.117 -0.000 
119.000 0.100 0.100 0.000 0.118 -0.000 
120.000 0.100 0.100 -0.000 0.119 -0.000 
121.000 0.100 0.100 -0.000 0.120 -0.000 
122.000 0.100 0.100 0.000 0.121 -0.000 
123.000 0.100 0.100 0.000 0.122 -0.000 
124.000 0.100 0.100 -0.000 0.123 -0.000 
125.000 0.100 0.100 -0.000 0.124 -0.000 
126.000 0.100 0.100 0.000 0.125 -0.000 
127.000 0.100 0.100 0.000 0.126 -0.000 
128.000 0.100 0.100 0.000 0.127 -0.000 
129.000 0.100 0.100 0.000 0.129 -0.000 
130.000 0.100 0.100 0.000 0.130 -0.000 
131.000 0.100 0.100 0.000 0.131 -0.000 
132.000 0.100 0.100 -0.000 0.132 -0.000 
133.000 0.100 0.100 0.000 0.133 -0.000 
134.000 0.100 0.100 0.000 0.134 -0.000 
135.000 0.100 0.100 0.000 0.135 -0.000 
136.000 0.100 0.100 -0.000 0.136 -0.000 
137.000 0.100 0.100 -0.000 0.137 -0.000 
138.000 0.100 0.100 0.000 0.138 -0.000 
139.000 0.100 0.100 0.000 0.139 -0.000 
140.000 0.100 0.100 -0.000 0.140 -0.000 
141.000 0.100 0.100 -0.000 0.141 -0.000 
142.000 0.100 0.100 0.000 0.142 -0.000 
143.000 0.100 0.100 0.000 0.143 -0.000 
144.000 0.100 0.100 -0.000 0.144 -0.000 
145.000 0.100 0.100 -0.000 0.145 -0.000 
146.000 0.100 0.100 0.000 0.146 -0.000 
147.000 0.100 0.100 0.000 0.147 -0.000 
148.000 0.100 0.100 0.000 0.148 -0.000 
149.000 0.100 0.100 -0.000 0.149 -0.000 
150.000 0.100 0.100 0.000 0.150 -0.000 
151.000 0.100 0.100 0.000 0.151 -0.000 
152.000 0.100 0.100 0.000 0.152 -0.000 
153.000 0.100 0.100 -0.000 0.153 -0.000 
154.000 0.100 0.100 0.000 0.154 -0.000 
155.000 0.100 0.100 0.000 0.155 -0.000 
156.000 0.100 0.100 0.000 0.156 -0.000 
157.000 0.100 0.100 -0.000 0.157 -0.000 
158.000 0.100 0.100 -0.000 0.158 -0.000 
159.000 0.100 0.100 0.000 0.159 -0.000 
160.000 0.100 0.100 0.000 0.160 -0.000 
161.000 0.100 0.100 -0.000 0.161 -0.000 
162.000 0.100 0.100 -0.000 0.162 -0.000 
163.000 0.100 0.100 0.000 0.163 -0.000 
164.000 0.100 0.100 0.000 0.164 -0.000 
165.000 0.100 0.100 -0.000 0.165 -0.000 
166.000 0.100 0.100 -0.000 0.166 -0.000 
167.000 0.100 0.100 0.000 0.167 -0.000 
168.000 0.100 0.100 0.000 0.168 -0.000 
169.000 0.100 0.100 -0.000 0.169 -0.000 
170.000 0.100 0.100 -0.000 0.170 -0.000 
171.000 0.100 0.100 0.000 0.171 -0.000 
172.000 0.100 0.100 0.000 0.172 -0.000 
173.000 0.100 0.100 0.000 0.173 -0.000 
174.000 0.100 0.100 -0.000 0.174 -0.000 
175.000 0.100 0.100 0.000 0.175 -0.000 
176.000 0.100 0.100 0.000 0.176 -0.000 
177.000 0.100 0.100 0.000 0.177 -0.000 
178.000 0.100 0.100 -0.000 0.178 -0.000 
179.000 0.100 0.100 0.000 0.179 -0.000 
180.000 0.100 0.100 0.000 0.180 -0.000 
181.000 0.100 0.100 0.000 0.181 -0.000 
182.000 0.100 0.100 -0.000 0.182 -0.000 
183.000 0.100 0.100 -0.000 0.183 -0.000 
184.000 0.100 0.100 0.000 0.184 -0.000 
185.000 0.100 0.100 0.000 0.185 -0.000 
186.000 0.100 0.100 -0.000 0.186 -0.000 
187.000 0.100 0.100 -0.000 0.187 -0.000 
188.000 0.100 0.100 0.000 0.188 -0.000 
189.000 0.100 0.100 0.000 0.189 -0.000 
190.000 0.100 0.100 -0.000 0.190 -0.000 
191.000 0.100 0.100 -0.000 0.191 -0.000 
192.000 0.100 0.100 0.000 0.192 -0.000 
193.000 0.100 0.100 0.000 0.193 -0.000 
194.000 0.100 0.100 0.000 0.194 -0.000 
195.000 0.100 0.100 -0.000 0.195 -0.000 
196.000 0.100 0.100 0.000 0.196 -0.000 
197.000 0.100 0.100 0.000 0.197 -0.000 
198.000 0.100 0.100 0.000 0.198 -0.000 
199.000 0.100 0.100 -0.000 0.199 -0.000 
200.000 0.100 0.100 -0.000 0.201 -0.000 
201.000 0.100 0.100 -0.000 0.202 -0.000 
202.000 0.100 0.100 -0.000 0.203 -0.000 
203.000 0.100 0.100 -0.000 0.204 -0.000 
204.000 0.100 0.100 -0.000 0.205 -0.000 
205.000 0.100 0.100 -0.000 0.206 -0.000 
206.000 0.100 0.100 -0.000 0.207 -0.000 
207.000 0.100 0.100 -0.000 0.208 -0.000 
208.000 0.100 0.100 -0.000 0.209 -0.000 
209.000 0.100 0.100 -0.000 0.210 -0.000 
210.000 0.100 0.100 -0.000 0.211 -0.000 
211.000 0.100 0.100 -0.000 0.212 -0.000 
212.000 0.100 0.100 -0.000 0.213 -0.000 
213.000 0.100 0.100 -0.000 0.214 -0.000 
214.000 0.100 0.100 -0.000 0.215 -0.000 
215.000 0.100 0.100 -0.000 0.216 -0.000 
216.000 0.100 0.100 -0.000 0.217 -0.000 
217.000 0.100 0.100 -0.000 0.218 -0.000 
218.000 0.100 0.100 -0.000 0.219 -0.000 
219.000 0.100 0.100 -0.000 0.220 -0.000 
220.000 0.100 0.100 -0.000 0.221 -0.000 
221.000 0.100 0.100 -0.000 0.222 -0.000 
222.000 0.100 0.100 -0.000 0.223 -0.000 
223.000 0.100 0.100 -0.000 0.224 -0.000 
224.000 0.100 0.100 -0.000 0.225 -0.000 
225.000 0.100 0.100 -0.000 0.226 -0.000 
226.000 0.100 0.100 -0.000 0.227 -0.000 
227.000 0.100 0.100 -0.000 0.228 -0.000 
228.000 0.100 0.100 -0.000 0.229 -0.000 
229.000 0.100 0.100 -0.000 0.230 -0.000 
230.000 0.100 0.100 -0.000 0.231 -0.000 
231.000 0.100 0.100 -0.000 0.232 -0.000 
232.000 0.100 0.100 -0.000 0.233 -0.000 
233.000 0.100 0.100 -0.000 0.234 -0.000 
234.000 0.100 0.100 -0.000 0.235 -0.000 
235.000 0.100 0.100 -0.000 0.236 -0.000 
236.000 0.100 0.100 -0.000 0.237 -0.000 
237.000 0.100 0.100 -0.000 0.238 -0.000 
238.000 0.100 0.100 -0.000 0.239 -0.000 
239.000 0.100 0.100 -0.000 0.240 -0.000 
240.000 0.100 0.100 -0.000 0.241 -0.000 
241.000 0.100 0.100 -0.000 0.242 -0.000 
242.000 0.100 0.100 -0.000 0.243 -0.000 
243.000 0.100 0.100 -0.000 0.244 -0.000 
244.000 0.100 0.100 -0.000 0.245 -0.000 
245.000 0.100 0.100 -0.000 0.246 -0.000 
246.000 0.100 0.100 -0.000 0.247 -0.000 
247.000 0.100 0.100 -0.000 0.248 -0.000 
248.000 0.100 0.100 -0.000 0.249 -0.000 
249.000 0.100 0.100 -0.000 0.250 -0.000 
250.000 0.100 0.100 -0.000 0.251 -0.000 
251.000 0.100 0.100 -0.000 0.252 -0.000 
252.000 0.100 0.100 -0.000 0.253 -0.000 
253.000 0.100 0.100 -0.000 0.254 -0.000 
254.000 0.100 0.100 -0.000 0.255 -0.000 
255.000 0.100 0.100 -0.000 0.256 -0.000 
256.000 0.100 0.100 -0.000 0.257 -0.000 
257.000 0.100 0.100 -0.000 0.258 -0.000 
258.000 0.100 0.100 -0.000 0.259 -0.000 
259.000 0.100 0.100 -0.000 0.260 -0.000 
260.000 0.100 0.100 -0.000 0.261 -0.000 
261.000 0.100 0.100 -0.000 0.262 -0.000 
262.000 0.100 0.100 -0.000 0.263 -0.000 
263.000 0.100 0.100 -0.000 0.264 -0.000 
264.000 0.100 0.100 -0.000 0.265 -0.000 
265.000 0.100 0.100 -0.000 0.266 -0.000 
266.000 0.100 0.100 -0.000 0.267 -0.000 
267.000 0.100 0.100 -0.000 0.268 -0.000 
268.000 0.100 0.100 -0.000 0.269 -0.000 
269.000 0.100 0.100 -0.000 0.270 -0.000 
270.000 0.100 0.100 -0.000 0.271 -0.000 
271.000 0.100 0.100 -0.000 0.272 -0.000 
272.000 0.100 0.100 -0.000 0.273 -0.000 
273.000 0.100 0.100 -0.000 0.274 -0.000 
274.000 0.100 0.100 -0.000 0.275 -0.000 
275.000 0.100 0.100 -0.000 0.276 -0.000 
276.000 0.100 0.100 -0.000 0.277 -0.000 
277.000 0.100 0.100 -0.000 0.278 -0.000 
278.000 0.100 0.100 -0.000 0.279 -0.000 
279.000 0.100 0.100 -0.000 0.280 -0.000 
280.000 0.100 0.100 -0.000 0.281 -0.000 
281.000 0.100 0.100 -0.000 0.282 -0.000 
282.000 0.100 0.100 -0.000 0.283 -0.000 
283.000 0.100 0.100 -0.000 0.284 -0.000 
284.000 0.100 0.100 -0.000 0.285 -0.000 
285.000 0.100 0.100 -0.000 0.286 -0.000 
286.000 0.100 0.100 -0.000 0.287 -0.000 
287.000 0.100 0.100 -0.000 0.288 -0.000 
288.000 0.100 0.100 -0.000 0.289 -0.000 
289.000 0.100 0.100 -0.000 0.290 -0.000 
290.000 0.100 0.100 -0.000 0.291 -0.000 
291.000 0.100 0.100 -0.000 0.292 -0.000 
292.000 0.100 0.100 -0.000 0.293 -0.000 
293.000 0.100 0.100 -0.000 0.294 -0.000 
294.000 0.100 0.100 -0.000 0.295 -0.000 
295.000 0.100 0.100 -0.000 0.296 -0.000 
296.000 0.100 0.100 -0.000 0.297 -0.000 
297.000 0.100 0.100 -0.000 0.298 -0.000 
298.000 0.100 0.100 -0.000 0.299 -0.000 
299.000 0.100 0.100 -0.000 0.300 -0.000 
300.000 0.100 0.100 -0.000 0.301 -0.000 
301.000 0.100 0.100 -0.000 0.302 -0.000 
302.000 0.100 0.100 -0.000 0.303 -0.000 
303.000 0.100 0.100 -0.000 0.304 -0.000 
304.000 0.100 0.100 -0.000 0.305 -0.000 
305.000 0.100 0.100 -0.000 0.306 -0.000 
306.000 0.100 0.100 -0.000 0.307 -0.000 
307.000 0.100 0.100 -0.000 0.308 -0.000 
308.000 0.100 0.100 -0.000 0.309 -0.000 
309.000 0.100 0.100 -0.000 0.310 -0.000 
310.000 0.100 0.100 -0.000 0.311 -0.000 
311.000 0.100 0.100 -0.000 0.312 -0.000 
312.000 0.100 0.100 -0.000 0.313 -0.000 
313.000 0.100 0.100 -0.000 0.314 -0.000 
314.000 0.100 0.100 -0.000 0.315 -0.000 
315.000 0.100 0.100 -0.000 0.316 -0.000 
316.000 0.100 0.100 -0.000 0.317 -0.000 
317.000 0.100 0.100 -0.000 0.318 -0.000 
318.000 0.100 0.100 -0.000 0.319 -0.000 
319.000 0.100 0.100 -0.000 0.320 -0.000 
320.000 0.100 0.100 -0.000 0.321 -0.000 
321.000 0.100 0.100 -0.000 0.322 -0.000 
322.000 0.100 0.100 -0.000 0.323 -0.000 
323.000 0.100 0.100 -0.000 0.324 -0.000 
324.000 0.100 0.100 -0.000 0.325 -0.000 
325.000 0.100 0.100 -0.000 0.326 -0.000 
326.000 0.100 0.100 -0.000 0.327 -0.000 
327.000 0.100 0.100 -0.000 0.328 -0.000 
328.000 0.100 0.100 -0.000 0.329 -0.000 
329.000 0.100 0.100 -0.000 0.330 -0.000 
330.000 0.100 0.100 -0.000 0.331 -0.000 
331.000 0.100 0.100 -0.000 0.332 -0.000 
332.000 0.100 0.100 -0.000 0.333 -0.000 
333.000 0.100 0.100 -0.000 0.334 -0.000 
334.000 0.100 0.100 -0.000 0.335 -0.000 
335.000 0.100 0.100 -0.000 0.336 -0.000 
336.000 0.100 0.100 -0.000 0.338 -0.000 
337.000 0.100 0.100 -0.000 0.339 -0.000 
338.000 0.100 0.100 -0.000 0.340 -0.000 
339.000 0.100 0.100 -0.000 0.341 -0.000 
340.000 0.100 0.100 -0.000 0.342 -0.000 
341.000 0.100 0.100 -0.000 0.343 -0.000 
342.000 0.100 0.100 -0.000 0.344 -0.000 
343.000 0.100 0.100 -0.000 0.345 -0.000 
344.000 0.100 0.100 -0.000 0.346 -0.000 
345.000 0.100 0.100 -0.000 0.347 -0.000 
346.000 0.100 0.100 -0.000 0.348 -0.000 
347.000 0.100 0.100 -0.000 0.349 -0.000 
348.000 0.100 0.100 -0.000 0.350 -0.000 
349.000 0.100 0.100 -0.000 0.351 -0.000 
350.000 0.100 0.100 -0.000 0.352 -0.000 
351.000 0.100 0.100 -0.000 0.353 -0.000 
352.000 0.100 0.100 -0.000 0.354 -0.000 
353.000 0.100 0.100 -0.000 0.355 -0.000 
354.000 0.100 0.100 -0.000 0.356 -0.000 
355.000 0.100 0.100 -0.000 0.357 -0.000 
356.000 0.100 0.100 -0.000 0.358 -0.000 
357.000 0.100 0.100 -0.000 0.359 -0.000 
358.000 0.100 0.100 -0.000 0.360 -0.000 
359.000 0.100 0.100 -0.000 0.361 -0.000 
360.000 0.100 0.100 -0.000 0.362 -0.000 
361.000 0.100 0.100 -0.000 0.363 -0.000 
362.000 0.100 0.100 -0.000 0.364 -0.000 
363.000 0.100 0.100 -0.000 0.365 -0.000 
364.000 0.100 0.100 -0.000 0.366 -0.000 
365.000 0.100 0.100 -0.000 0.367 -0.000 
366.000 0.100 0.100 -0.000 0.368 -0.000 
367.000 0.100 0.100 -0.000 0.369 -0.000 
368.000 0.100 0.100 -0.000 0.370 -0.000 
369.000 0.100 0.100 -0.000 0.371 -0.000 
370.000 0.100 0.100 -0.000 0.372 -0.000 
371.000 0.100 0.100 -0.000 0.373 -0.000 
372.000 0.100 0.100 -0.000 0.374 -0.000 
373.000 0.100 0.100 -0.000 0.375 -0.000 
374.000 0.100 0.100 -0.000 0.376 -0.000 
375.000 0.100 0.100 -0.000 0.377 -0.000 
376.000 0.100 0.100 -0.000 0.378 -0.000 
377.000 0.100 0.100 -0.000 0.379 -0.000 
378.000 0.100 0.100 -0.000 0.380 -0.000 
379.000 0.100 0.100 -0.000 0.381 -0.000 
380.000 0.100 0.100 -0.000 0.382 -0.000 
381.000 0.100 0.100 -0.000 0.383 -0.000 
382.000 0.100 0.100 -0.000 0.384 -0.000 
383.000 0.100 0.100 -0.000 0.385 -0.000 
384.000 0.100 0.100 -0.000 0.386 -0.000 
385.000 0.100 0.100 -0.000 0.387 -0.000 
386.000 0.100 0.100 -0.000 0.388 -0.000 
387.000 0.100 0.100 -0.000 0.389 -0.000 
388.000 0.100 0.100 -0.000 0.390 -0.000 
389.000 0.100 0.100 -0.000 0.391 -0.000 
390.000 0.100 0.100 -0.000 0.392 -0.000 
391.000 0.100 0.100 -0.000 0.393 -0.000 
392.000 0.100 0.100 -0.000 0.394 -0.000 
393.000 0.100 0.100 -0.000 0.395 -0.000 
394.000 0.100 0.100 -0.000 0.396 -0.000 
395.000 0.100 0.100 -0.000 0.397 -0.000 
396.000 0.100 0.100 -0.000 0.398 -0.000 
397.000 0.100 0.100 -0.000 0.399 -0.000 
398.000 0.100 0.100 -0.000 0.400 -0.000 
399.000 0.100 0.100 -0.000 0.401 -0.000 
400.000 0.100 0.100 -0.000 0.402 -0.000 
401.000 0.100 0.100 -0.000 0.403 -0.000 
402.000 0.100 0.100 -0.000 0.404 -0.000 
403.000 0.100 0.100 -0.000 0.405 -0.000 
404.000 0.100 0.100 -0.000 0.406 -0.000 
405.000 0.100 0.100 -0.000 0.407 -0.000 
406.000 0.100 0.100 -0.000 0.408 -0.000 
407.000 0.100 0.100 -0.000 0.409 -0.000 
408.000 0.100 0.100 -0.000 0.410 -0.000 
409.000 0.100 0.100 -0.000 0.411 -0.000 
410.000 0.100 0.100 -0.000 0.412 -0.000 
411.000 0.100 0.100 -0.000 0.413 -0.000 
412.000 0.100 0.100 -0.000 0.414 -0.000 
413.000 0.100 0.100 -0.000 0.415 -0.000 
414.000 0.100 0.100 -0.000 0.416 -0.000 
415.000 0.100 0.100 -0.000 0.417 -0.000 
416.000 0.100 0.100 -0.000 0.418 -0.000 
417.000 0.100 0.100 -0.000 0.419 -0.000 
418.000 0.100 0.100 -0.000 0.420 -0.000 
419.000 0.100 0.100 -0.000 0.421 -0.000 
420.000 0.100 0.100 -0.000 0.422 -0.000 
421.000 0.100 0.100 -0.000 0.423 -0.000 
422.000 0.100 0.100 -0.000 0.424 -0.000 
423.000 0.100 0.100 -0.000 0.425 -0.000 
424.000 0.100 0.100 -0.000 0.426 -0.000 
425.000 0.100 0.100 -0.000 0.427 -0.000 
426.000 0.100 0.100 -0.000 0.428 -0.000 
427.000 0.100 0.100 -0.000 0.429 -0.000 
428.000 0.100 0.100 -0.000 0.430 -0.000 
429.000 0.100 0.100 -0.000 0.431 -0.000 
430.000 0.100 0.100 -0.000 0.432 -0.000 
431.000 0.100 0.100 -0.000 0.433 -0.000 
432.000 0.100 0.100 -0.000 0.434 -0.000 
433.000 0.100 0.100 -0.000 0.435 -0.000 
434.000 0.100 0.100 -0.000 0.436 -0.000 
435.000 0.100 0.100 -0.000 0.437 -0.000 
436.000 0.100 0.100 -0.000 0.438 -0.000 
437.000 0.100 0.100 -0.000 0.439 -0.000 
438.000 0.100 0.100 -0.000 0.440 -0.000 
439.000 0.100 0.100 -0.000 0.441 -0.000 
440.000 0.100 0.100 -0.000 0.442 -0.000 
441.000 0.100 0.100 -0.000 0.443 -0.000 
442.000 0.100 0.100 -0.000 0.444 -0.000 
443.000 0.100 0.100 -0.000 0.445 -0.000 
444.000 0.100 0.100 -0.000 0.446 -0.000 
445.000 0.100 0.100 -0.000 0.447 -0.000 
446.000 0.100 0.100 -0.000 0.448 -0.000 
447.000 0.100 0.100 -0.000 0.449 -0.000 
448.000 0.100 0.100 -0.000 0.450 -0.000 
449.000 0.100 0.100 -0.000 0.451 -0.000 
450.000 0.100 0.100 -0.000 0.452 -0.000 
451.000 0.100 0.100 -0.000 0.453 -0.000 
452.000 0.100 0.100 -0.000 0.454 -0.000 
453.000 0.100 0.100 -0.000 0.455 -0.000 
454.000 0.100 0.100 -0.000 0.456 -0.000 
455.000 0.100 0.100 -0.000 0.457 -0.000 
456.000 0.100 0.100 -0.000 0.458 -0.000 
457.000 0.100 0.100 -0.000 0.459 -0.000 
458.000 0.100 0.100 -0.000 0.460 -0.000 
459.000 0.100 0.100 -0.000 0.461 -0.000 
460.000 0.100 0.100 -0.000 0.462 -0.000 
461.000 0.100 0.100 -0.000 0.463 -0.000 
462.000 0.100 0.100 -0.000 0.464 -0.000 
463.000 0.100 0.100 -0.000 0.465 -0.000 
464.000 0.100 0.100 -0.000 0.466 -0.000 
465.000 0.100 0.100 -0.000 0.467 -0.000 
466.000 0.100 0.100 -0.000 0.468 -0.000 
467.000 0.100 0.100 -0.000 0.469 -0.000 
468.000 0.100 0.100 -0.000 0.470 -0.000 
469.000 0.100 0.100 -0.000 0.471 -0.000 
470.000 0.100 0.100 -0.000 0.472 -0.000 
471.000 0.100 0.100 -0.000 0.473 -0.000 
472.000 0.100 0.100 -0.000 0.474 -0.000 
473.000 0.100 0.100 -0.000 0.475 -0.000 
474.000 0.100 0.100 -0.000 0.476 -0.000 
475.000 0.100 0.100 -0.000 0.477 -0.000 
476.000 0.100 0.100 -0.000 0.478 -0.000 
477.000 0.100 0.100 -0.000 0.479 -0.000 
478.000 0.100 0.100 -0.000 0.480 -0.000 
479.000 0.100 0.100 -0.000 0.481 -0.000 
480.000 0.100 0.100 -0.000 0.482 -0.000 
481.000 0.100 0.100 -0.000 0.483 -0.000 
482.000 0.100 0.100 -0.000 0.484 -0.000 
483.000 0.100 0.100 -0.000 0.485 -0.000 
484.000 0.100 0.100 -0.000 0.486 -0.000 
485.000 0.100 0.100 -0.000 0.487 -0.000 
486.000 0.100 0.100 -0.000 0.488 -0.000 
487.000 0.100 0.100 -0.000 0.489 -0.000 
488.000 0.100 0.100 -0.000 0.490 -0.000 
489.000 0.100 0.100 -0.000 0.491 -0.000 
490.000 0.100 0.100 -0.000 0.492 -0.000 
491.000 0.100 0.100 -0.000 0.493 -0.000 
492.000 0.100 0.100 -0.000 0.494 -0.000 
493.000 0.100 0.100 -0.000 0.495 -0.000 
494.000 0.100 0.100 -0.000 0.496 -0.000 
495.000 0.100 0.100 -0.000 0.497 -0.000 
496.000 0.100 0.100 -0.000 0.498 -0.000 
497.000 0.100 0.100 -0.000 0.499 -0.000 
498.000 0.725 -0.525 -0.000 0.500 -0.000 
499.000 0.725 -0.525 -0.000 0.501 -0.000 
500.000 0.725 -0.525 -0.048 0.502 -0.000 
501.000 0.100 0.100 -0.096 0.503 -0.000 
502.000 0.100 0.100 -0.145 0.504 -0.000 
503.000 0.100 0.100 -0.145 0.505 -0.001 
504.000 0.100 0.100 -0.146 0.506 -0.001 
505.000 0.100 0.100 -0.146 0.507 -0.001 
506.000 0.100 0.100 -0.145 0.508 -0.001 
507.000 0.100 0.100 -0.145 0.509 -0.001 
508.000 0.100 0.100 -0.146 0.510 -0.001 
509.000 0.100 0.100 -0.146 0.511 -0.001 
510.000 0.100 0.100 -0.145 0.512 -0.002 
511.000 0.100 0.100 -0.145 0.513 -0.002 
512.000 0.100 0.100 -0.146 0.514 -0.002 
513.000 0.100 0.100 -0.146 0.515 -0.002 
514.000 0.100 0.100 -0.145 0.516 -0.002 
515.000 0.100 0.100 -0.145 0.517 -0.002 
516.000 0.100 0.100 -0.146 0.518 -0.002 
517.000 0.100 0.100 -0.146 0.519 -0.003 
518.000 0.100 0.100 -0.146 0.520 -0.003 
519.000 0.100 0.100 -0.145 0.521 -0.003 
520.000 0.100 0.100 -0.145 0.522 -0.003 
521.000 0.100 0.100 -0.146 0.523 -0.003 
522.000 0.100 0.100 -0.146 0.524 -0.003 
523.000 0.100 0.100 -0.145 0.525 -0.003 
524.000 0.100 0.100 -0.145 0.526 -0.004 
525.000 0.100 0.100 -0.146 0.527 -0.004 
526.000 0.100 0.100 -0.146 0.528 -0.004 
527.000 0.100 0.100 -0.145 0.529 -0.004 
528.000 0.100 0.100 -0.145 0.530 -0.004 
529.000 0.100 0.100 -0.146 0.531 -0.004 
530.000 0.100 0.100 -0.146 0.532 -0.004 
531.000 0.100 0.100 -0.145 0.533 -0.005 
532.000 0.100 0.100 -0.145 0.534 -0.005 
533.000 0.100 0.100 -0.146 0.535 -0.005 
534.000 0.100 0.100 -0.146 0.536 -0.005 
535.000 0.100 0.100 -0.145 0.537 -0.005 
536.000 0.100 0.100 -0.145 0.538 -0.005 
537.000 0.100 0.100 -0.146 0.539 -0.005 
538.000 0.725 -0.525 -0.146 0.540 -0.006 
539.000 0.725 -0.525 -0.145 0.541 -0.006 
540.000 0.725 -0.525 -0.194 0.542 -0.006 
541.000 0.100 0.100 -0.242 0.543 -0.006 
542.000 0.100 0.100 -0.290 0.544 -0.006 
543.000 0.100 0.100 -0.291 0.544 -0.007 
544.000 0.100 0.100 -0.291 0.545 -0.007 
545.000 0.100 0.100 -0.291 0.546 -0.007 
546.000 0.100 0.100 -0.291 0.547 -0.008 
547.000 0.100 0.100 -0.291 0.548 -0.008 
548.000 0.100 0.100 -0.291 0.549 -0.008 
549.000 0.100 0.100 -0.291 0.550 -0.008 
550.000 0.100 0.100 -0.291 0.551 -0.009 
551.000 0.100 0.100 -0.291 0.552 -0.009 
552.000 0.100 0.100 -0.291 0.553 -0.009 
553.000 0.100 0.100 -0.291 0.554 -0.010 
554.000 0.100 0.100 -0.291 0.555 -0.010 
555.000 0.100 0.100 -0.291 0.556 -0.010 
556.000 0.100 0.100 -0.291 0.557 -0.010 
557.000 0.100 0.100 -0.291 0.558 -0.011 
558.000 0.100 0.100 -0.291 0.559 -0.011 
559.000 0.100 0.100 -0.291 0.560 -0.011 
560.000 0.100 0.100 -0.291 0.561 -0.012 
561.000 0.100 0.100 -0.291 0.562 -0.012 
562.000 0.100 0.100 -0.291 0.563 -0.012 
563.000 0.100 0.100 -0.291 0.564 -0.012 
564.000 0.100 0.100 -0.291 0.565 -0.013 
565.000 0.100 0.100 -0.291 0.566 -0.013 
566.000 0.100 0.100 -0.291 0.567 -0.013 
567.000 0.100 0.100 -0.291 0.567 -0.014 
568.000 0.100 0.100 -0.291 0.568 -0.014 
569.000 0.100 0.100 -0.291 0.569 -0.014 
570.000 0.100 0.100 -0.291 0.570 -0.014 
571.000 0.100 0.100 -0.291 0.571 -0.015 
572.000 0.100 0.100 -0.291 0.572 -0.015 
573.000 0.100 0.100 -0.291 0.573 -0.015 
574.000 0.100 0.100 -0.291 0.574 -0.016 
575.000 0.100 0.100 -0.291 0.575 -0.016 
576.000 0.100 0.100 -0.291 0.576 -0.016 
577.000 0.100 0.100 -0.291 0.577 -0.016 
578.000 0.100 0.100 -0.291 0.578 -0.017 
579.000 0.100 0.100 -0.291 0.579 -0.017 
580.000 0.100 0.100 -0.291 0.580 -0.017 
581.000 0.100 0.100 -0.291 0.581 -0.018 
582.000 0.100 0.100 -0.291 0.582 -0.018 
583.000 0.100 0.100 -0.291 0.583 -0.018 
584.000 0.100 0.100 -0.291 0.584 -0.018 
585.000 0.100 0.100 -0.291 0.585 -0.019 
586.000 0.100 0.100 -0.291 0.586 -0.019 
587.000 0.100 0.100 -0.291 0.587 -0.019 
588.000 0.100 0.100 -0.291 0.588 -0.020 
589.000 0.100 0.100 -0.291 0.589 -0.020 
590.000 0.100 0.100 -0.291 0.589 -0.020 
591.000 0.100 0.100 -0.291 0.590 -0.020 
592.000 0.100 0.100 -0.291 0.591 -0.021 
593.000 0.100 0.100 -0.291 0.592 -0.021 
594.000 0.100 0.100 -0.291 0.593 -0.021 
595.000 0.725 -0.525 -0.291 0.594 -0.022 
596.000 0.725 -0.525 -0.291 0.595 -0.022 
597.000 0.725 -0.525 -0.339 0.596 -0.022 
598.000 0.100 0.100 -0.387 0.597 -0.023 
599.000 0.100 0.100 -0.435 0.598 -0.023 
600.000 0.100 0.100 -0.436 0.599 -0.023 
601.000 0.100 0.100 -0.436 0.600 -0.024 
602.000 0.100 0.100 -0.436 0.601 -0.024 
603.000 0.100 0.100 -0.436 0.602 -0.025 
604.000 0.100 0.100 -0.436 0.603 -0.025 
605.000 0.100 0.100 -0.436 0.603 -0.026 
606.000 0.100 0.100 -0.436 0.604 -0.026 
607.000 0.100 0.100 -0.436 0.605 -0.026 
608.000 0.100 0.100 -0.436 0.606 -0.027 
609.000 0.100 0.100 -0.436 0.607 -0.027 
610.000 0.100 0.100 -0.436 0.608 -0.028 
611.000 0.100 0.100 -0.436 0.609 -0.028 
612.000 0.100 0.100 -0.436 0.610 -0.029 
613.000 0.100 0.100 -0.436 0.611 -0.029 
614.000 0.100 0.100 -0.436 0.612 -0.029 
615.000 0.100 0.100 -0.436 0.613 -0.030 
616.000 0.100 0.100 -0.436 0.613 -0.030 
617.000 0.100 0.100 -0.436 0.614 -0.031 
618.000 0.100 0.100 -0.436 0.615 -0.031 
619.000 0.100 0.100 -0.436 0.616 -0.031 
620.000 0.100 0.100 -0.436 0.617 -0.032 
621.000 0.100 0.100 -0.436 0.618 -0.032 
622.000 0.100 0.100 -0.436 0.619 -0.033 
623.000 0.100 0.100 -0.436 0.620 -0.033 
624.000 0.100 0.100 -0.436 0.621 -0.034 
625.000 0.100 0.100 -0.436 0.622 -0.034 
626.000 0.100 0.100 -0.436 0.622 -0.034 
627.000 0.100 0.100 -0.436 0.623 -0.035 
628.000 0.100 0.100 -0.436 0.624 -0.035 
629.000 0.100 0.100 -0.436 0.625 -0.036 
630.000 0.100 0.100 -0.436 0.626 -0.036 
631.000 0.100 0.100 -0.436 0.627 -0.037 
632.000 0.100 0.100 -0.436 0.628 -0.037 
633.000 0.100 0.100 -0.436 0.629 -0.037 
634.000 0.100 0.100 -0.436 0.630 -0.038 
635.000 0.100 0.100 -0.436 0.631 -0.038 
636.000 0.100 0.100 -0.436 0.632 -0.039 
637.000 0.100 0.100 -0.436 0.632 -0.039 
638.000 0.100 0.100 -0.436 0.633 -0.040 
639.000 0.100 0.100 -0.436 0.634 -0.040 
640.000 0.100 0.100 -0.436 0.635 -0.040 
641.000 0.100 0.100 -0.436 0.636 -0.041 
642.000 0.100 0.100 -0.436 0.637 -0.041 
643.000 0.100 0.100 -0.436 0.638 -0.042 
644.000 0.100 0.100 -0.436 0.639 -0.042 
645.000 0.100 0.100 -0.436 0.640 -0.042 
646.000 0.100 0.100 -0.436 0.641 -0.043 
647.000 0.100 0.100 -0.436 0.642 -0.043 
648.000 0.100 0.100 -0.436 0.642 -0.044 
649.000 0.100 0.100 -0.436 0.643 -0.044 
650.000 0.100 0.100 -0.436 0.644 -0.045 
651.000 0.100 0.100 -0.436 0.645 -0.045 
652.000 0.100 0.100 -0.436 0.646 -0.045 
653.000 0.100 0.100 -0.436 0.647 -0.046 
654.000 0.100 0.100 -0.436 0.648 -0.046 
655.000 0.100 0.100 -0.436 0.649 -0.047 
656.000 0.100 0.100 -0.436 0.650 -0.047 
657.000 0.100 0.100 -0.436 0.651 -0.048 
658.000 0.100 0.100 -0.436 0.651 -0.048 
659.000 0.100 0.100 -0.436 0.652 -0.048 
660.000 0.100 0.100 -0.436 0.653 -0.049 
661.000 0.100 0.100 -0.436 0.654 -0.049 
662.000 0.100 0.100 -0.436 0.655 -0.050 
663.000 0.100 0.100 -0.436 0.656 -0.050 
664.000 0.100 0.100 -0.436 0.657 -0.051 
665.000 0.100 0.100 -0.436 0.658 -0.051 
666.000 0.100 0.100 -0.436 0.659 -0.051 
667.000 0.100 0.100 -0.436 0.660 -0.052 
668.000 0.100 0.100 -0.436 0.661 -0.052 
669.000 0.100 0.100 -0.436 0.661 -0.053 
670.000 0.100 0.100 -0.436 0.662 -0.053 
671.000 0.100 0.100 -0.436 0.663 -0.053 
672.000 0.100 0.100 -0.436 0.664 -0.054 
673.000 0.100 0.100 -0.436 0.665 -0.054 
674.000 0.100 0.100 -0.436 0.666 -0.055 
675.000 0.100 0.100 -0.436 0.667 -0.055 
676.000 0.100 0.100 -0.436 0.668 -0.056 
677.000 0.100 0.100 -0.436 0.669 -0.056 
678.000 0.100 0.100 -0.436 0.670 -0.056 
679.000 0.725 -0.525 -0.436 0.670 -0.057 
680.000 0.725 -0.525 -0.436 0.671 -0.057 
681.000 0.725 -0.525 -0.484 0.672 -0.058 
682.000 0.100 0.100 -0.532 0.673 -0.058 
683.000 0.100 0.100 -0.581 0.674 -0.059 
684.000 0.100 0.100 -0.581 0.675 -0.059 
685.000 0.100 0.100 -0.581 0.676 -0.060 
686.000 0.100 0.100 -0.581 0.677 -0.060 
687.000 0.100 0.100 -0.581 0.677 -0.061 
688.000 0.100 0.100 -0.581 0.678 -0.062 
689.000 0.100 0.100 -0.581 0.679 -0.062 
690.000 0.100 0.100 -0.581 0.680 -0.063 
691.000 0.100 0.100 -0.581 0.681 -0.063 
692.000 0.100 0.100 -0.581 0.682 -0.064 
693.000 0.100 0.100 -0.581 0.682 -0.064 
694.000 0.100 0.100 -0.581 0.683 -0.065 
695.000 0.100 0.100 -0.581 0.684 -0.065 
696.000 0.100 0.100 -0.581 0.685 -0.066 
697.000 0.100 0.100 -0.581 0.686 -0.066 
698.000 0.100 0.100 -0.581 0.687 -0.067 
699.000 0.100 0.100 -0.581 0.687 -0.068 
700.000 0.100 0.100 -0.581 0.688 -0.068 
701.000 0.100 0.100 -0.581 0.689 -0.069 
702.000 0.100 0.100 -0.581 0.690 -0.069 
703.000 0.100 0.100 -0.581 0.691 -0.070 
704.000 0.100 0.100 -0.581 0.692 -0.070 
705.000 0.100 0.100 -0.581 0.692 -0.071 
706.000 0.100 0.100 -0.581 0.693 -0.071 
707.000 0.100 0.100 -0.581 0.694 -0.072 
708.000 0.100 0.100 -0.581 0.695 -0.073 
709.000 0.100 0.100 -0.581 0.696 -0.073 
710.000 0.100 0.100 -0.581 0.697 -0.074 
711.000 0.100 0.100 -0.581 0.697 -0.074 
712.000 0.100 0.100 -0.581 0.698 -0.075 
713.000 0.100 0.100 -0.581 0.699 -0.075 
714.000 0.100 0.100 -0.581 0.700 -0.076 
715.000 0.100 0.100 -0.581 0.701 -0.076 
716.000 0.100 0.100 -0.581 0.702 -0.077 
717.000 0.100 0.100 -0.581 0.702 -0.077 
718.000 0.100 0.100 -0.581 0.703 -0.078 
719.000 0.100 0.100 -0.581 0.704 -0.079 
720.000 0.100 0.100 -0.581 0.705 -0.079 
721.000 0.100 0.100 -0.581 0.706 -0.080 
722.000 0.100 0.100 -0.581 0.707 -0.080 
723.000 0.100 0.100 -0.581 0.707 -0.081 
724.000 0.100 0.100 -0.581 0.708 -0.081 
725.000 0.100 0.100 -0.581 0.709 -0.082 
726.000 0.100 0.100 -0.581 0.710 -0.082 
727.000 0.100 0.100 -0.581 0.711 -0.083 
728.000 0.100 0.100 -0.581 0.712 -0.083 
729.000 0.100 0.100 -0.581 0.712 -0.084 
730.000 0.100 0.100 -0.581 0.713 -0.085 
731.000 0.100 0.100 -0.581 0.714 -0.085 
732.000 0.100 0.100 -0.581 0.715 -0.086 
733.000 0.100 0.100 -0.581 0.716 -0.086 
734.000 0.100 0.100 -0.581 0.717 -0.087 
735.000 0.100 0.100 -0.581 0.717 -0.087 
736.000 0.100 0.100 -0.581 0.718 -0.088 
737.000 0.100 0.100 -0.581 0.719 -0.088 
738.000 0.100 0.100 -0.581 0.720 -0.089 
739.000 0.100 0.100 -0.581 0.721 -0.090 
740.000 0.100 0.100 -0.581 0.722 -0.090 
741.000 0.100 0.100 -0.581 0.722 -0.091 
742.000 0.100 0.100 -0.581 0.723 -0.091 
743.000 0.100 0.100 -0.581 0.724 -0.092 
744.000 0.100 0.100 -0.581 0.725 -0.092 
745.000 0.100 0.100 -0.581 0.726 -0.093 
746.000 0.100 0.100 -0.581 0.727 -0.093 
747.000 0.100 0.100 -0.581 0.727 -0.094 
748.000 0.100 0.100 -0.581 0.728 -0.094 
749.000 0.100 0.100 -0.581 0.729 -0.095 
750.000 0.100 0.100 -0.581 0.730 -0.096 
751.000 0.100 0.100 -0.581 0.731 -0.096 
752.000 0.100 0.100 -0.581 0.732 -0.097 
753.000 0.100 0.100 -0.581 0.733 -0.097 
754.000 0.100 0.100 -0.581 0.733 -0.098 
755.000 0.100 0.100 -0.581 0.734 -0.098 
756.000 0.100 0.100 -0.581 0.735 -0.099 
757.000 0.100 0.100 -0.581 0.736 -0.099 
758.000 0.100 0.100 -0.581 0.737 -0.100 
759.000 0.100 0.100 -0.581 0.738 -0.101 
760.000 0.100 0.100 -0.581 0.738 -0.101 
761.000 0.100 0.100 -0.581 0.739 -0.102 
762.000 0.100 0.100 -0.581 0.740 -0.102 
763.000 0.100 0.100 -0.581 0.741 -0.103 
764.000 0.100 0.100 -0.581 0.742 -0.103 
765.000 0.100 0.100 -0.581 0.743 -0.104 
766.000 0.100 0.100 -0.581 0.743 -0.104 
767.000 0.100 0.100 -0.581 0.744 -0.105 
768.000 0.100 0.100 -0.581 0.745 -0.105 
769.000 0.100 0.100 -0.581 0.746 -0.106 
770.000 0.100 0.100 -0.581 0.747 -0.107 
771.000 0.100 0.100 -0.581 0.748 -0.107 
772.000 0.100 0.100 -0.581 0.748 -0.108 
773.000 0.100 0.100 -0.581 0.749 -0.108 
774.000 0.100 0.100 -0.581 0.750 -0.109 
775.000 0.100 0.100 -0.581 0.751 -0.109 
776.000 0.100 0.100 -0.581 0.752 -0.110 
777.000 0.100 0.100 -0.581 0.753 -0.110 
778.000 0.100 0.100 -0.581 0.753 -0.111 
779.000 0.100 0.100 -0.581 0.754 -0.112 
780.000 0.100 0.100 -0.581 0.755 -0.112 
781.000 0.100 0.100 -0.581 0.756 -0.113 
782.000 0.100 0.100 -0.581 0.757 -0.113 
783.000 0.100 0.100 -0.581 0.758 -0.114 
784.000 0.100 0.100 -0.581 0.758 -0.114 
785.000 0.100 0.100 -0.581 0.759 -0.115 
786.000 0.100 0.100 -0.581 0.760 -0.115 
787.000 0.100 0.100 -0.581 0.761 -0.116 
788.000 0.100 0.100 -0.581 0.762 -0.116 
789.000 0.100 0.100 -0.581 0.763 -0.117 
790.000 0.100 0.100 -0.581 0.763 -0.118 
791.000 0.100 0.100 -0.581 0.764 -0.118 
792.000 0.100 0.100 -0.581 0.765 -0.119 
793.000 0.100 0.100 -0.581 0.766 -0.119 
794.000 0.100 0.100 -0.581 0.767 -0.120 
795.000 0.100 0.100 -0.581 0.768 -0.120 
796.000 0.100 0.100 -0.581 0.768 -0.121 
797.000 0.100 0.100 -0.581 0.769 -0.121 
798.000 0.100 0.100 -0.581 0.770 -0.122 
799.000 0.100 0.100 -0.581 0.771 -0.122 
800.000 0.100 0.100 -0.581 0.772 -0.123 
801.000 0.100 0.100 -0.581 0.773 -0.124 
802.000 0.100 0.100 -0.581 0.773 -0.124 
803.000 0.100 0.100 -0.581 0.774 -0.125 
804.000 0.100 0.100 -0.581 0.775 -0.125 
805.000 0.100 0.100 -0.581 0.776 -0.126 
806.000 0.100 0.100 -0.581 0.777 -0.126 
807.000 0.100 0.100 -0.581 0.778 -0.127 
808.000 0.100 0.100 -0.581 0.778 -0.127 
809.000 0.100 0.100 -0.581 0.779 -0.128 
810.000 0.100 0.100 -0.581 0.780 -0.129 
811.000 0.100 0.100 -0.581 0.781 -0.129 
812.000 0.100 0.100 -0.581 0.782 -0.130 
813.000 0.100 0.100 -0.581 0.783 -0.130 
814.000 0.100 0.100 -0.581 0.783 -0.131 
815.000 0.100 0.100 -0.581 0.784 -0.131 
816.000 0.100 0.100 -0.581 0.785 -0.132 
817.000 0.100 0.100 -0.581 0.786 -0.132 
818.000 0.100 0.100 -0.581 0.787 -0.133 
819.000 0.100 0.100 -0.581 0.788 -0.133 
820.000 0.100 0.100 -0.581 0.788 -0.134 
821.000 0.100 0.100 -0.581 0.789 -0.135 
822.000 0.100 0.100 -0.581 0.790 -0.135 
823.000 0.100 0.100 -0.581 0.791 -0.136 
824.000 0.100 0.100 -0.581 0.792 -0.136 
825.000 0.100 0.100 -0.581 0.793 -0.137 
826.000 0.725 -0.525 -0.581 0.794 -0.137 
827.000 0.725 -0.525 -0.581 0.794 -0.138 
828.000 0.725 -0.525 -0.629 0.795 -0.139 
829.000 0.100 0.100 -0.678 0.796 -0.139 
830.000 0.100 0.100 -0.726 0.797 -0.140 
831.000 0.100 0.100 -0.727 0.797 -0.140 
832.000 0.100 0.100 -0.727 0.798 -0.141 
833.000 0.100 0.100 -0.727 0.799 -0.142 
834.000 0.100 0.100 -0.727 0.800 -0.142 
835.000 0.100 0.100 -0.727 0.800 -0.143 
836.000 0.100 0.100 -0.727 0.801 -0.144 
837.000 0.100 0.100 -0.726 0.802 -0.144 
838.000 0.100 0.100 -0.727 0.803 -0.145 
839.000 0.100 0.100 -0.727 0.803 -0.146 
840.000 0.100 0.100 -0.727 0.804 -0.146 
841.000 0.100 0.100 -0.726 0.805 -0.147 
842.000 0.100 0.100 -0.727 0.806 -0.148 
843.000 0.100 0.100 -0.727 0.806 -0.148 
844.000 0.100 0.100 -0.727 0.807 -0.149 
845.000 0.100 0.100 -0.727 0.808 -0.150 
846.000 0.100 0.100 -0.727 0.809 -0.150 
847.000 0.100 0.100 -0.727 0.809 -0.151 
848.000 0.100 0.100 -0.727 0.810 -0.152 
849.000 0.100 0.100 -0.727 0.811 -0.152 
850.000 0.100 0.100 -0.727 0.812 -0.153 
851.000 0.100 0.100 -0.727 0.812 -0.154 
852.000 0.100 0.100 -0.727 0.813 -0.154 
853.000 0.100 0.100 -0.727 0.814 -0.155 
854.000 0.100 0.100 -0.727 0.815 -0.156 
855.000 0.100 0.100 -0.727 0.815 -0.156 
856.000 0.100 0.100 -0.727 0.816 -0.157 
857.000 0.100 0.100 -0.727 0.817 -0.158 
858.000 0.100 0.100 -0.727 0.818 -0.158 
859.000 0.100 0.100 -0.727 0.818 -0.159 
860.000 0.100 0.100 -0.727 0.819 -0.160 
861.000 0.100 0.100 -0.727 0.820 -0.160 
862.000 0.100 0.100 -0.726 0.821 -0.161 
863.000 0.100 0.100 -0.727 0.821 -0.162 
864.000 0.100 0.100 -0.727 0.822 -0.162 
865.000 0.100 0.100 -0.727 0.823 -0.163 
866.000 0.100 0.100 -0.726 0.824 -0.164 
867.000 0.100 0.100 -0.727 0.824 -0.164 
868.000 0.100 0.100 -0.727 0.825 -0.165 
869.000 0.100 0.100 -0.727 0.826 -0.166 
870.000 0.100 0.100 -0.727 0.827 -0.166 
871.000 0.100 0.100 -0.727 0.827 -0.167 
872.000 0.100 0.100 -0.727 0.828 -0.168 
873.000 0.100 0.100 -0.727 0.829 -0.168 
874.000 0.100 0.100 -0.727 0.830 -0.169 
875.000 0.100 0.100 -0.727 0.830 -0.170 
876.000 0.100 0.100 -0.727 0.831 -0.170 
877.000 0.100 0.100 -0.727 0.832 -0.171 
878.000 0.100 0.100 -0.727 0.833 -0.172 
879.000 0.100 0.100 -0.727 0.833 -0.172 
880.000 0.100 0.100 -0.727 0.834 -0.173 
881.000 0.100 0.100 -0.727 0.835 -0.174 
882.000 0.100 0.100 -0.727 0.836 -0.174 
883.000 0.100 0.100 -0.726 0.836 -0.175 
884.000 0.100 0.100 -0.727 0.837 -0.176 
885.000 0.100 0.100 -0.727 0.838 -0.176 
886.000 0.100 0.100 -0.727 0.839 -0.177 
887.000 0.100 0.100 -0.726 0.839 -0.178 
888.000 0.100 0.100 -0.727 0.840 -0.178 
889.000 0.100 0.100 -0.727 0.841 -0.179 
890.000 0.100 0.100 -0.727 0.842 -0.180 
891.000 0.100 0.100 -0.727 0.842 -0.180 
892.000 0.100 0.100 -0.727 0.843 -0.181 
893.000 0.100 0.100 -0.727 0.844 -0.182 
894.000 0.100 0.100 -0.727 0.845 -0.182 
895.000 0.100 0.100 -0.727 0.845 -0.183 
896.000 0.100 0.100 -0.727 0.846 -0.184 
897.000 0.100 0.100 -0.727 0.847 -0.184 
898.000 0.100 0.100 -0.727 0.848 -0.185 
899.000 0.100 0.100 -0.727 0.848 -0.186 
900.000 0.100 0.100 -0.727 0.849 -0.186 
901.000 0.100 0.100 -0.727 0.850 -0.187 
902.000 0.100 0.100 -0.727 0.851 -0.188 
903.000 0.100 0.100 -0.727 0.851 -0.188 
904.000 0.100 0.100 -0.727 0.852 -0.189 
905.000 0.100 0.100 -0.727 0.853 -0.190 
906.000 0.100 0.100 -0.727 0.853 -0.190 
907.000 0.100 0.100 -0.727 0.854 -0.191 
908.000 0.100 0.100 -0.726 0.855 -0.192 
909.000 0.100 0.100 -0.727 0.856 -0.192 
910.000 0.100 0.100 -0.727 0.856 -0.193 
911.000 0.100 0.100 -0.727 0.857 -0.194 
912.000 0.100 0.100 -0.726 0.858 -0.194 
913.000 0.100 0.100 -0.727 0.859 -0.195 
914.000 0.100 0.100 -0.727 0.859 -0.196 
915.000 0.100 0.100 -0.727 0.860 -0.196 
916.000 0.100 0.100 -0.727 0.861 -0.197 
917.000 0.100 0.100 -0.727 0.862 -0.198 
918.000 0.100 0.100 -0.727 0.862 -0.198 
919.000 0.100 0.100 -0.727 0.863 -0.199 
920.000 0.100 0.100 -0.727 0.864 -0.200 
921.000 0.100 0.100 -0.727 0.865 -0.200 
922.000 0.100 0.100 -0.727 0.865 -0.201 
923.000 0.100 0.100 -0.727 0.866 -0.202 
924.000 0.100 0.100 -0.727 0.867 -0.202 
925.000 0.100 0.100 -0.727 0.868 -0.203 
926.000 0.100 0.100 -0.727 0.868 -0.204 
927.000 0.100 0.100 -0.727 0.869 -0.204 
928.000 0.100 0.100 -0.727 0.870 -0.205 
929.000 0.100 0.100 -0.726 0.871 -0.206 
930.000 0.100 0.100 -0.727 0.871 -0.206 
931.000 0.100 0.100 -0.727 0.872 -0.207 
932.000 0.100 0.100 -0.727 0.873 -0.208 
933.000 0.100 0.100 -0.726 0.874 -0.208 
934.000 0.100 0.100 -0.727 0.874 -0.209 
935.000 0.100 0.100 -0.727 0.875 -0.209 
936.000 0.100 0.100 -0.727 0.876 -0.210 
937.000 0.100 0.100 -0.727 0.877 -0.211 
938.000 0.100 0.100 -0.727 0.877 -0.211 
939.000 0.100 0.100 -0.727 0.878 -0.212 
940.000 0.100 0.100 -0.727 0.879 -0.213 
941.000 0.100 0.100 -0.727 0.880 -0.214 
942.000 0.100 0.100 -0.727 0.880 -0.214 
943.000 0.100 0.100 -0.727 0.881 -0.215 
944.000 0.100 0.100 -0.727 0.882 -0.215 
945.000 0.100 0.100 -0.727 0.883 -0.216 
946.000 0.100 0.100 -0.727 0.883 -0.217 
947.000 0.100 0.100 -0.727 0.884 -0.217 
948.000 0.100 0.100 -0.727 0.885 -0.218 
949.000 0.100 0.100 -0.727 0.886 -0.219 
950.000 0.100 0.100 -0.727 0.886 -0.219 
951.000 0.100 0.100 -0.727 0.887 -0.220 
952.000 0.100 0.100 -0.727 0.888 -0.221 
953.000 0.100 0.100 -0.727 0.889 -0.221 
954.000 0.100 0.100 -0.726 0.889 -0.222 
955.000 0.100 0.100 -0.727 0.890 -0.223 
956.000 0.100 0.100 -0.727 0.891 -0.223 
957.000 0.100 0.100 -0.727 0.892 -0.224 
958.000 0.100 0.100 -0.726 0.892 -0.225 
959.000 0.100 0.100 -0.727 0.893 -0.225 
960.000 0.100 0.100 -0.727 0.894 -0.226 
961.000 0.100 0.100 -0.727 0.895 -0.227 
962.000 0.100 0.100 -0.727 0.895 -0.227 
963.000 0.100 0.100 -0.727 0.896 -0.228 
964.000 0.100 0.100 -0.727 0.897 -0.229 
965.000 0.100 0.100 -0.727 0.898 -0.229 
966.000 0.100 0.100 -0.727 0.898 -0.230 
967.000 0.100 0.100 -0.727 0.899 -0.231 
968.000 0.100 0.100 -0.727 0.900 -0.231 
969.000 0.100 0.100 -0.727 0.901 -0.232 
970.000 0.100 0.100 -0.727 0.901 -0.233 
971.000 0.100 0.100 -0.727 0.902 -0.233 
972.000 0.100 0.100 -0.727 0.903 -0.234 
973.000 0.100 0.100 -0.727 0.904 -0.235 
974.000 0.100 0.100 -0.727 0.904 -0.235 
975.000 0.100 0.100 -0.726 0.905 -0.236 
976.000 0.100 0.100 -0.727 0.906 -0.237 
977.000 0.100 0.100 -0.727 0.907 -0.237 
978.000 0.100 0.100 -0.727 0.907 -0.238 
979.000 0.100 0.100 -0.726 0.908 -0.239 
980.000 0.100 0.100 -0.727 0.909 -0.239 
981.000 0.100 0.100 -0.727 0.910 -0.240 
982.000 0.100 0.100 -0.727 0.910 -0.241 
983.000 0.100 0.100 -0.727 0.911 -0.241 
984.000 0.100 0.100 -0.727 0.912 -0.242 
985.000 0.100 0.100 -0.727 0.913 -0.243 
986.000 0.100 0.100 -0.727 0.913 -0.243 
987.000 0.100 0.100 -0.727 0.914 -0.244 
988.000 0.100 0.100 -0.727 0.915 -0.245 
989.000 0.100 0.100 -0.727 0.916 -0.245 
990.000 0.100 0.100 -0.727 0.916 -0.246 
991.000 0.100 0.100 -0.727 0.917 -0.247 
992.000 0.100 0.100 -0.727 0.918 -0.247 
993.000 0.100 0.100 -0.727 0.918 -0.248 
994.000 0.100 0.100 -0.727 0.919 -0.249 
995.000 0.100 0.100 -0.727 0.920 -0.249 
996.000 0.100 0.100 -0.727 0.921 -0.250 
997.000 0.100 0.100 -0.727 0.921 -0.251 
998.000 0.100 0.100 -0.727 0.922 -0.251 
999.000 0.100 0.100 -0.727 0.923 -0.252 
1000.000 0.100 0.100 -0.726 0.924 -0.253 
1001.000 0.100 0.100 -0.727 0.924 -0.253 
1002.000 0.100 0.100 -0.727 0.925 -0.254 
1003.000 0.100 0.100 -0.727 0.926 -0.255 
1004.000 0.100 0.100 -0.726 0.927 -0.255 
1005.000 0.100 0.100 -0.727 0.927 -0.256 
1006.000 0.100 0.100 -0.727 0.928 -0.257 
1007.000 0.100 0.100 -0.727 0.929 -0.257 
1008.000 0.100 0.100 -0.727 0.930 -0.258 
1009.000 0.100 0.100 -0.727 0.930 -0.259 
1010.000 0.100 0.100 -0.727 0.931 -0.259 
1011.000 0.100 0.100 -0.727 0.932 -0.260 
1012.000 0.100 0.100 -0.727 0.933 -0.261 
1013.000 0.100 0.100 -0.727 0.933 -0.261 
1014.000 0.100 0.100 -0.727 0.934 -0.262 
1015.000 0.100 0.100 -0.727 0.935 -0.263 
1016.000 0.100 0.100 -0.727 0.936 -0.263 
1017.000 0.100 0.100 -0.727 0.936 -0.264 
1018.000 0.100 0.100 -0.727 0.937 -0.265 
1019.000 0.100 0.100 -0.727 0.938 -0.265 
1020.000 0.100 0.100 -0.727 0.939 -0.266 
1021.000 0.100 0.100 -0.726 0.939 -0.267 
1022.000 0.100 0.100 -0.727 0.940 -0.267 
1023.000 0.100 0.100 -0.727 0.941 -0.268 
1024.000 0.100 0.100 -0.727 0.942 -0.269 
1025.000 0.100 0.100 -0.726 0.942 -0.269 
1026.000 0.100 0.100 -0.727 0.943 -0.270 
1027.000 0.100 0.100 -0.727 0.944 -0.271 
1028.000 0.100 0.100 -0.727 0.945 -0.271 
1029.000 0.100 0.100 -0.727 0.945 -0.272 
1030.000 0.100 0.100 -0.727 0.946 -0.273 
1031.000 0.100 0.100 -0.727 0.947 -0.273 
1032.000 0.100 0.100 -0.727 0.948 -0.274 
1033.000 0.100 0.100 -0.727 0.948 -0.275 
1034.000 0.100 0.100 -0.727 0.949 -0.275 
1035.000 0.100 0.100 -0.727 0.950 -0.276 
1036.000 0.100 0.100 -0.727 0.951 -0.277 
1037.000 0.100 0.100 -0.727 0.951 -0.277 
1038.000 0.100 0.100 -0.727 0.952 -0.278 
1039.000 0.100 0.100 -0.727 0.953 -0.279 
1040.000 0.100 0.100 -0.727 0.954 -0.279 
1041.000 0.100 0.100 -0.727 0.954 -0.280 
1042.000 0.100 0.100 -0.727 0.955 -0.281 
1043.000 0.100 0.100 -0.727 0.956 -0.281 
1044.000 0.100 0.100 -0.727 0.957 -0.282 
1045.000 0.100 0.100 -0.727 0.957 -0.283 
1046.000 0.100 0.100 -0.726 0.958 -0.283 
1047.000 0.100 0.100 -0.727 0.959 -0.284 
1048.000 0.100 0.100 -0.727 0.960 -0.285 
1049.000 0.100 0.100 -0.727 0.960 -0.285 
1050.000 0.100 0.100 -0.726 0.961 -0.286 
1051.000 0.100 0.100 -0.727 0.962 -0.287 
1052.000 0.100 0.100 -0.727 0.963 -0.287 
1053.000 0.100 0.100 -0.727 0.963 -0.288 
1054.000 0.100 0.100 -0.727 0.964 -0.289 
1055.000 0.100 0.100 -0.727 0.965 -0.289 
1056.000 0.100 0.100 -0.727 0.966 -0.290 
1057.000 0.100 0.100 -0.727 0.966 -0.291 
1058.000 0.100 0.100 -0.727 0.967 -0.291 
1059.000 0.100 0.100 -0.727 0.968 -0.292 
1060.000 0.100 0.100 -0.727 0.969 -0.293 
1061.000 0.100 0.100 -0.727 0.969 -0.293 
1062.000 0.100 0.100 -0.727 0.970 -0.294 
1063.000 0.100 0.100 -0.727 0.971 -0.295 
1064.000 0.100 0.100 -0.727 0.972 -0.295 
1065.000 0.100 0.100 -0.727 0.972 -0.296 
1066.000 0.100 0.100 -0.727 0.973 -0.297 
1067.000 0.100 0.100 -0.726 0.974 -0.297 
1068.000 0.100 0.100 -0.727 0.975 -0.298 
1069.000 0.100 0.100 -0.727 0.975 -0.299 
1070.000 0.100 0.100 -0.727 0.976 -0.299 
1071.000 0.100 0.100 -0.726 0.977 -0.300 
1072.000 0.100 0.100 -0.727 0.978 -0.301 
1073.000 0.100 0.100 -0.727 0.978 -0.301 
1074.000 0.100 0.100 -0.727 0.979 -0.302 
1075.000 0.100 0.100 -0.727 0.980 -0.303 
1076.000 0.100 0.100 -0.727 0.981 -0.303 
1077.000 0.100 0.100 -0.727 0.981 -0.304 
1078.000 0.100 0.100 -0.727 0.982 -0.305 
1079.000 0.100 0.100 -0.727 0.983 -0.305 
1080.000 0.100 0.100 -0.727 0.983 -0.306 
1081.000 0.100 0.100 -0.727 0.984 -0.306 
1082.000 0.100 0.100 -0.727 0.985 -0.307 
1083.000 0.100 0.100 -0.727 0.986 -0.308 
1084.000 0.100 0.100 -0.727 0.986 -0.308 
1085.000 0.100 0.100 -0.727 0.987 -0.309 
1086.000 0.100 0.100 -0.727 0.988 -0.310 
1087.000 0.100 0.100 -0.727 0.989 -0.311 
1088.000 0.100 0.100 -0.727 0.989 -0.311 
1089.000 0.100 0.100 -0.727 0.990 -0.312 
1090.000 0.100 0.100 -0.727 0.991 -0.312 
1091.000 0.100 0.100 -0.727 0.992 -0.313 
1092.000 0.100 0.100 -0.726 0.992 -0.314 
1093.000 0.100 0.100 -0.727 0.993 -0.314 
1094.000 0.100 0.100 -0.727 0.994 -0.315 
1095.000 0.100 0.100 -0.727 0.995 -0.316 
1096.000 0.100 0.100 -0.726 0.995 -0.316 
1097.000 0.100 0.100 -0.727 0.996 -0.317 
1098.000 0.100 0.100 -0.727 0.997 -0.318 
1099.000 0.100 0.100 -0.727 0.998 -0.318 
1100.000 0.100 0.100 -0.727 0.999 -0.319 
1101.000 0.100 0.100 -0.727 0.999 -0.320 
1102.000 0.100 0.100 -0.727 1.000 -0.320 
1103.000 0.100 0.100 -0.727 1.001 -0.321 
1104.000 0.100 0.100 -0.727 1.001 -0.322 
1105.000 0.100 0.100 -0.727 1.002 -0.322 
1106.000 0.100 0.100 -0.727 1.003 -0.323 
1107.000 0.100 0.100 -0.727 1.004 -0.324 
1108.000 0.100 0.100 -0.727 1.004 -0.324 
1109.000 0.100 0.100 -0.727 1.005 -0.325 
1110.000 0.100 0.100 -0.727 1.006 -0.326 
1111.000 0.100 0.100 -0.727 1.007 -0.326 
1112.000 0.100 0.100 -0.727 1.007 -0.327 
1113.000 0.100 0.100 -0.727 1.008 -0.328 
1114.000 0.100 0.100 -0.727 1.009 -0.328 
1115.000 0.100 0.100 -0.727 1.010 -0.329 
1116.000 0.100 0.100 -0.727 1.010 -0.330 
1117.000 0.100 0.100 -0.726 1.011 -0.330 
1118.000 0.100 0.100 -0.727 1.012 -0.331 
1119.000 0.100 0.100 -0.727 1.013 -0.332 
1120.000 0.100 0.100 -0.727 1.013 -0.332 
1121.000 0.100 0.100 -0.727 1.014 -0.333 
1122.000 0.100 0.100 -0.727 1.015 -0.334 
1123.000 0.100 0.100 -0.727 1.016 -0.334 
1124.000 0.100 0.100 -0.727 1.016 -0.335 
1125.000 0.100 0.100 -0.727 1.017 -0.336 
1126.000 0.100 0.100 -0.727 1.018 -0.336 
1127.000 0.100 0.100 -0.727 1.019 -0.337 
1128.000 0.100 0.100 -0.727 1.019 -0.338 
1129.000 0.100 0.100 -0.727 1.020 -0.338 
1130.000 0.100 0.100 -0.727 1.021 -0.339 
1131.000 0.100 0.100 -0.727 1.022 -0.340 
1132.000 0.100 0.100 -0.727 1.022 -0.340 
1133.000 0.100 0.100 -0.727 1.023 -0.341 
1134.000 0.100 0.100 -0.727 1.024 -0.342 
1135.000 0.100 0.100 -0.727 1.025 -0.342 
1136.000 0.100 0.100 -0.727 1.025 -0.343 
1137.000 0.100 0.100 -0.727 1.026 -0.344 
1138.000 0.100 0.100 -0.726 1.027 -0.344 
1139.000 0.100 0.100 -0.727 1.028 -0.345 
1140.000 0.100 0.100 -0.727 1.028 -0.346 
1141.000 0.100 0.100 -0.727 1.029 -0.346 
1142.000 0.100 0.100 -0.726 1.030 -0.347 
1143.000 0.100 0.100 -0.727 1.031 -0.348 
1144.000 0.100 0.100 -0.727 1.031 -0.348 
1145.000 0.100 0.100 -0.727 1.032 -0.349 
1146.000 0.100 0.100 -0.727 1.033 -0.350 
1147.000 0.100 0.100 -0.727 1.034 -0.350 
1148.000 0.100 0.100 -0.727 1.034 -0.351 
1149.000 0.100 0.100 -0.727 1.035 -0.352 
1150.000 0.100 0.100 -0.727 1.036 -0.352 
1151.000 0.100 0.100 -0.727 1.037 -0.353 
1152.000 0.100 0.100 -0.727 1.037 -0.354 
1153.000 0.100 0.100 -0.727 1.038 -0.354 
1154.000 0.100 0.100 -0.727 1.039 -0.355 
1155.000 0.100 0.100 -0.727 1.040 -0.356 
1156.000 0.100 0.100 -0.727 1.040 -0.356 
1157.000 0.100 0.100 -0.727 1.041 -0.357 
1158.000 0.100 0.100 -0.727 1.042 -0.358 
1159.000 0.100 0.100 -0.727 1.043 -0.358 
1160.000 0.100 0.100 -0.727 1.043 -0.359 
1161.000 0.100 0.100 -0.727 1.044 -0.360 
1162.000 0.100 0.100 -0.727 1.045 -0.360 
1163.000 0.100 0.100 -0.726 1.046 -0.361 
1164.000 0.100 0.100 -0.727 1.046 -0.362 
1165.000 0.100 0.100 -0.727 1.047 -0.362 
1166.000 0.100 0.100 -0.727 1.048 -0.363 
1167.000 0.100 0.100 -0.727 1.049 -0.364 
1168.000 0.100 0.100 -0.727 1.049 -0.364 
1169.000 0.100 0.100 -0.727 1.050 -0.365 
1170.000 0.100 0.100 -0.727 1.051 -0.366 
1171.000 0.100 0.100 -0.727 1.052 -0.366 
1172.000 0.100 0.100 -0.727 1.052 -0.367 
1173.000 0.100 0.100 -0.727 1.053 -0.368 
1174.000 0.100 0.100 -0.727 1.054 -0.368 
1175.000 0.100 0.100 -0.727 1.055 -0.369 
1176.000 0.100 0.100 -0.727 1.055 -0.370 
1177.000 0.100 0.100 -0.727 1.056 -0.370 
1178.000 0.100 0.100 -0.727 1.057 -0.371 
1179.000 0.100 0.100 -0.727 1.058 -0.372 
1180.000 0.100 0.100 -0.727 1.058 -0.372 
1181.000 0.100 0.100 -0.727 1.059 -0.373 
1182.000 0.100 0.100 -0.727 1.060 -0.374 
1183.000 0.100 0.100 -0.727 1.061 -0.374 
1184.000 0.100 0.100 -0.726 1.061 -0.375 
1185.000 0.725 -0.525 -0.727 1.062 -0.376 
1186.000 0.725 -0.525 -0.727 1.063 -0.376 
1187.000 0.725 -0.525 -0.775 1.063 -0.377 
1188.000 0.725 -0.525 -0.823 1.064 -0.378 
1189.000 0.725 -0.525 -0.872 1.065 -0.379 
1190.000 0.100 0.100 -0.920 1.065 -0.379 
1191.000 0.100 0.100 -0.968 1.066 -0.380 
1192.000 0.100 0.100 -0.969 1.067 -0.381 
1193.000 0.100 0.100 -0.969 1.067 -0.382 
1194.000 0.100 0.100 -0.969 1.068 -0.383 
1195.000 0.100 0.100 -0.969 1.068 -0.383 
1196.000 0.100 0.100 -0.969 1.069 -0.384 
1197.000 0.100 0.100 -0.969 1.069 -0.385 
1198.000 0.100 0.100 -0.969 1.070 -0.386 
1199.000 0.100 0.100 -0.969 1.070 -0.387 
1200.000 0.100 0.100 -0.969 1.071 -0.387 
1201.000 0.100 0.100 -0.969 1.072 -0.388 
1202.000 0.100 0.100 -0.969 1.072 -0.389 
1203.000 0.100 0.100 -0.969 1.073 -0.390 
1204.000 0.100 0.100 -0.969 1.073 -0.391 
1205.000 0.100 0.100 -0.969 1.074 -0.392 
1206.000 0.100 0.100 -0.969 1.074 -0.392 
1207.000 0.100 0.100 -0.969 1.075 -0.393 
1208.000 0.100 0.100 -0.969 1.076 -0.394 
1209.000 0.100 0.100 -0.969 1.076 -0.395 
1210.000 0.100 0.100 -0.969 1.077 -0.396 
1211.000 0.100 0.100 -0.969 1.077 -0.397 
1212.000 0.100 0.100 -0.969 1.078 -0.397 
1213.000 0.100 0.100 -0.969 1.078 -0.398 
1214.000 0.100 0.100 -0.969 1.079 -0.399 
1215.000 0.100 0.100 -0.969 1.080 -0.400 
1216.000 0.100 0.100 -0.969 1.080 -0.401 
1217.000 0.100 0.100 -0.969 1.081 -0.401 
1218.000 0.100 0.100 -0.969 1.081 -0.402 
1219.000 0.100 0.100 -0.969 1.082 -0.403 
1220.000 0.100 0.100 -0.969 1.082 -0.404 
1221.000 0.725 -0.525 -0.969 1.083 -0.405 
1222.000 0.725 -0.525 -0.969 1.084 -0.406 
1223.000 0.725 -0.525 -1.017 1.084 -0.407 
1224.000 0.100 0.100 -1.065 1.085 -0.407 
1225.000 0.100 0.100 -1.114 1.085 -0.408 
1226.000 0.100 0.100 -1.115 1.085 -0.409 
1227.000 0.100 0.100 -1.114 1.086 -0.410 
1228.000 0.100 0.100 -1.114 1.086 -0.411 
1229.000 0.100 0.100 -1.114 1.087 -0.412 
1230.000 0.100 0.100 -1.115 1.087 -0.413 
1231.000 0.100 0.100 -1.114 1.088 -0.414 
1232.000 0.100 0.100 -1.114 1.088 -0.415 
1233.000 0.100 0.100 -1.114 1.089 -0.415 
1234.000 0.100 0.100 -1.115 1.089 -0.416 
1235.000 0.100 0.100 -1.114 1.089 -0.417 
1236.000 0.100 0.100 -1.114 1.090 -0.418 
1237.000 0.100 0.100 -1.114 1.090 -0.419 
1238.000 0.100 0.100 -1.115 1.091 -0.420 
1239.000 0.100 0.100 -1.114 1.091 -0.421 
1240.000 0.100 0.100 -1.114 1.092 -0.422 
1241.000 0.100 0.100 -1.114 1.092 -0.423 
1242.000 0.100 0.100 -1.114 1.092 -0.424 
1243.000 0.100 0.100 -1.114 1.093 -0.424 
1244.000 0.100 0.100 -1.114 1.093 -0.425 
1245.000 0.100 0.100 -1.114 1.094 -0.426 
1246.000 0.100 0.100 -1.114 1.094 -0.427 
1247.000 0.100 0.100 -1.115 1.095 -0.428 
1248.000 0.100 0.100 -1.114 1.095 -0.429 
1249.000 0.100 0.100 -1.114 1.096 -0.430 
1250.000 0.100 0.100 -1.114 1.096 -0.431 
1251.000 0.100 0.100 -1.115 1.096 -0.432 
1252.000 0.100 0.100 -1.114 1.097 -0.432 
1253.000 0.100 0.100 -1.114 1.097 -0.433 
1254.000 0.100 0.100 -1.114 1.098 -0.434 
1255.000 0.100 0.100 -1.115 1.098 -0.435 
1256.000 0.100 0.100 -1.114 1.099 -0.436 
1257.000 0.100 0.100 -1.114 1.099 -0.437 
1258.000 0.100 0.100 -1.114 1.100 -0.438 
1259.000 0.100 0.100 -1.115 1.100 -0.439 
1260.000 0.100 0.100 -1.114 1.100 -0.440 
1261.000 0.100 0.100 -1.114 1.101 -0.441 
1262.000 0.100 0.100 -1.114 1.101 -0.441 
1263.000 0.100 0.100 -1.115 1.102 -0.442 
1264.000 0.100 0.100 -1.114 1.102 -0.443 
1265.000 0.100 0.100 -1.114 1.103 -0.444 
1266.000 0.100 0.100 -1.114 1.103 -0.445 
1267.000 0.100 0.100 -1.114 1.104 -0.446 
1268.000 0.100 0.100 -1.114 1.104 -0.447 
1269.000 0.100 0.100 -1.114 1.104 -0.448 
1270.000 0.100 0.100 -1.114 1.105 -0.449 
1271.000 0.100 0.100 -1.114 1.105 -0.450 
1272.000 0.100 0.100 -1.115 1.106 -0.450 
1273.000 0.100 0.100 -1.114 1.106 -0.451 
1274.000 0.100 0.100 -1.114 1.107 -0.452 
1275.000 0.100 0.100 -1.114 1.107 -0.453 
1276.000 0.100 0.100 -1.115 1.107 -0.454 
1277.000 0.100 0.100 -1.114 1.108 -0.455 
1278.000 0.100 0.100 -1.114 1.108 -0.456 
1279.000 0.100 0.100 -1.114 1.109 -0.457 
1280.000 0.100 0.100 -1.115 1.109 -0.458 
1281.000 0.100 0.100 -1.114 1.110 -0.458 
1282.000 0.725 -0.525 -1.114 1.110 -0.459 
1283.000 0.725 -0.525 -1.114 1.111 -0.460 
1284.000 0.725 -0.525 -1.162 1.111 -0.461 
1285.000 0.100 0.100 -1.211 1.111 -0.462 
1286.000 0.100 0.100 -1.259 1.112 -0.463 
1287.000 0.100 0.100 -1.260 1.112 -0.464 
1288.000 0.100 0.100 -1.259 1.112 -0.465 
1289.000 0.100 0.100 -1.259 1.113 -0.466 
1290.000 0.100 0.100 -1.260 1.113 -0.467 
1291.000 0.100 0.100 -1.260 1.113 -0.468 
1292.000 0.100 0.100 -1.259 1.113 -0.469 
1293.000 0.100 0.100 -1.259 1.114 -0.470 
1294.000 0.100 0.100 -1.259 1.114 -0.471 
1295.000 0.100 0.100 -1.260 1.114 -0.472 
1296.000 0.100 0.100 -1.259 1.115 -0.473 
1297.000 0.100 0.100 -1.259 1.115 -0.474 
1298.000 0.100 0.100 -1.259 1.115 -0.475 
1299.000 0.100 0.100 -1.260 1.116 -0.475 
1300.000 0.100 0.100 -1.259 1.116 -0.476 
1301.000 0.100 0.100 -1.259 1.116 -0.477 
1302.000 0.100 0.100 -1.259 1.117 -0.478 
1303.000 0.100 0.100 -1.260 1.117 -0.479 
1304.000 0.100 0.100 -1.259 1.117 -0.480 
1305.000 0.100 0.100 -1.259 1.117 -0.481 
1306.000 0.100 0.100 -1.259 1.118 -0.482 
1307.000 0.100 0.100 -1.260 1.118 -0.483 
1308.000 0.100 0.100 -1.259 1.118 -0.484 
1309.000 0.100 0.100 -1.259 1.119 -0.485 
1310.000 0.100 0.100 -1.259 1.119 -0.486 
1311.000 0.100 0.100 -1.260 1.119 -0.487 
1312.000 0.100 0.100 -1.260 1.120 -0.488 
1313.000 0.100 0.100 -1.259 1.120 -0.489 
1314.000 0.100 0.100 -1.259 1.120 -0.490 
1315.000 0.100 0.100 -1.259 1.120 -0.491 
1316.000 0.100 0.100 -1.260 1.121 -0.492 
1317.000 0.100 0.100 -1.259 1.121 -0.493 
1318.000 0.100 0.100 -1.259 1.121 -0.494 
1319.000 0.100 0.100 -1.259 1.122 -0.495 
1320.000 0.100 0.100 -1.260 1.122 -0.495 
1321.000 0.100 0.100 -1.259 1.122 -0.496 
1322.000 0.100 0.100 -1.259 1.123 -0.497 
1323.000 0.100 0.100 -1.259 1.123 -0.498 
1324.000 0.100 0.100 -1.260 1.123 -0.499 
1325.000 0.100 0.100 -1.259 1.124 -0.500 
1326.000 0.100 0.100 -1.259 1.124 -0.501 
1327.000 0.100 0.100 -1.259 1.124 -0.502 
1328.000 0.100 0.100 -1.260 1.124 -0.503 
1329.000 0.100 0.100 -1.259 1.125 -0.504 
1330.000 0.100 0.100 -1.259 1.125 -0.505 
1331.000 0.100 0.100 -1.259 1.125 -0.506 
1332.000 0.100 0.100 -1.260 1.126 -0.507 
1333.000 0.100 0.100 -1.260 1.126 -0.508 
1334.000 0.100 0.100 -1.259 1.126 -0.509 
1335.000 0.100 0.100 -1.259 1.127 -0.510 
1336.000 0.100 0.100 -1.260 1.127 -0.511 
1337.000 0.100 0.100 -1.260 1.127 -0.512 
1338.000 0.100 0.100 -1.259 1.128 -0.513 
1339.000 0.100 0.100 -1.259 1.128 -0.514 
1340.000 0.100 0.100 -1.259 1.128 -0.515 
1341.000 0.100 0.100 -1.260 1.128 -0.515 
1342.000 0.100 0.100 -1.259 1.129 -0.516 
1343.000 0.100 0.100 -1.259 1.129 -0.517 
1344.000 0.100 0.100 -1.259 1.129 -0.518 
1345.000 0.100 0.100 -1.260 1.130 -0.519 
1346.000 0.100 0.100 -1.259 1.130 -0.520 
1347.000 0.100 0.100 -1.259 1.130 -0.521 
1348.000 0.100 0.100 -1.259 1.131 -0.522 
1349.000 0.100 0.100 -1.260 1.131 -0.523 
1350.000 0.100 0.100 -1.259 1.131 -0.524 
1351.000 0.100 0.100 -1.259 1.132 -0.525 
1352.000 0.100 0.100 -1.259 1.132 -0.526 
1353.000 0.100 0.100 -1.260 1.132 -0.527 
1354.000 0.100 0.100 -1.259 1.132 -0.528 
1355.000 0.100 0.100 -1.259 1.133 -0.529 
1356.000 0.100 0.100 -1.259 1.133 -0.530 
1357.000 0.100 0.100 -1.260 1.133 -0.531 
1358.000 0.100 0.100 -1.260 1.134 -0.532 
1359.000 0.100 0.100 -1.259 1.134 -0.533 
1360.000 0.100 0.100 -1.259 1.134 -0.534 
1361.000 0.100 0.100 -1.259 1.135 -0.535 
1362.000 0.100 0.100 -1.260 1.135 -0.535 
1363.000 0.100 0.100 -1.259 1.135 -0.536 
1364.000 0.100 0.100 -1.259 1.135 -0.537 
1365.000 0.100 0.100 -1.259 1.136 -0.538 
1366.000 0.100 0.100 -1.260 1.136 -0.539 
1367.000 0.100 0.100 -1.259 1.136 -0.540 
1368.000 0.100 0.100 -1.259 1.137 -0.541 
1369.000 0.100 0.100 -1.259 1.137 -0.542 
1370.000 0.100 0.100 -1.260 1.137 -0.543 
1371.000 0.100 0.100 -1.259 1.138 -0.544 
1372.000 0.100 0.100 -1.259 1.138 -0.545 
1373.000 0.725 -0.525 -1.259 1.138 -0.546 
1374.000 0.725 -0.525 -1.260 1.139 -0.547 
1375.000 0.725 -0.525 -1.307 1.139 -0.548 
1376.000 0.100 0.100 -1.356 1.139 -0.549 
1377.000 0.100 0.100 -1.405 1.139 -0.550 
1378.000 0.100 0.100 -1.405 1.139 -0.551 
1379.000 0.100 0.100 -1.405 1.140 -0.552 
1380.000 0.100 0.100 -1.405 1.140 -0.553 
1381.000 0.100 0.100 -1.405 1.140 -0.554 
1382.000 0.100 0.100 -1.405 1.140 -0.555 
1383.000 0.100 0.100 -1.405 1.140 -0.556 
1384.000 0.100 0.100 -1.405 1.140 -0.557 
1385.000 0.100 0.100 -1.405 1.141 -0.558 
1386.000 0.100 0.100 -1.405 1.141 -0.559 
1387.000 0.100 0.100 -1.405 1.141 -0.560 
1388.000 0.100 0.100 -1.405 1.141 -0.561 
1389.000 0.100 0.100 -1.405 1.141 -0.562 
1390.000 0.100 0.100 -1.405 1.141 -0.563 
1391.000 0.100 0.100 -1.405 1.142 -0.564 
1392.000 0.100 0.100 -1.405 1.142 -0.565 
1393.000 0.100 0.100 -1.405 1.142 -0.566 
1394.000 0.100 0.100 -1.405 1.142 -0.567 
1395.000 0.100 0.100 -1.405 1.142 -0.568 
1396.000 0.100 0.100 -1.405 1.142 -0.569 
1397.000 0.100 0.100 -1.405 1.143 -0.570 
1398.000 0.100 0.100 -1.405 1.143 -0.571 
1399.000 0.100 0.100 -1.405 1.143 -0.571 
1400.000 0.100 0.100 -1.405 1.143 -0.573 
1401.000 0.100 0.100 -1.405 1.143 -0.573 
1402.000 0.100 0.100 -1.405 1.143 -0.574 
1403.000 0.100 0.100 -1.405 1.143 -0.575 
1404.000 0.100 0.100 -1.405 1.144 -0.576 
1405.000 0.100 0.100 -1.405 1.144 -0.577 
1406.000 0.100 0.100 -1.405 1.144 -0.578 
1407.000 0.100 0.100 -1.405 1.144 -0.579 
1408.000 0.100 0.100 -1.405 1.144 -0.580 
1409.000 0.100 0.100 -1.405 1.144 -0.581 
1410.000 0.100 0.100 -1.405 1.145 -0.582 
1411.000 0.100 0.100 -1.405 1.145 -0.583 
1412.000 0.100 0.100 -1.405 1.145 -0.584 
1413.000 0.100 0.100 -1.405 1.145 -0.585 
1414.000 0.100 0.100 -1.405 1.145 -0.586 
1415.000 0.100 0.100 -1.405 1.145 -0.587 
1416.000 0.100 0.100 -1.405 1.146 -0.588 
1417.000 0.100 0.100 -1.405 1.146 -0.589 
1418.000 0.100 0.100 -1.405 1.146 -0.590 
1419.000 0.100 0.100 -1.405 1.146 -0.591 
1420.000 0.100 0.100 -1.405 1.146 -0.592 
1421.000 0.100 0.100 -1.405 1.146 -0.593 
1422.000 0.100 0.100 -1.405 1.147 -0.594 
1423.000 0.100 0.100 -1.405 1.147 -0.595 
1424.000 0.100 0.100 -1.405 1.147 -0.596 
1425.000 0.100 0.100 -1.405 1.147 -0.597 
1426.000 0.100 0.100 -1.405 1.147 -0.598 
1427.000 0.100 0.100 -1.405 1.147 -0.599 
1428.000 0.100 0.100 -1.405 1.148 -0.600 
1429.000 0.100 0.100 -1.405 1.148 -0.601 
1430.000 0.100 0.100 -1.405 1.148 -0.602 
1431.000 0.100 0.100 -1.405 1.148 -0.603 
1432.000 0.100 0.100 -1.405 1.148 -0.604 
1433.000 0.100 0.100 -1.405 1.148 -0.605 
1434.000 0.100 0.100 -1.405 1.149 -0.606 
1435.000 0.100 0.100 -1.405 1.149 -0.607 
1436.000 0.100 0.100 -1.405 1.149 -0.608 
1437.000 0.100 0.100 -1.405 1.149 -0.609 
1438.000 0.100 0.100 -1.405 1.149 -0.610 
1439.000 0.100 0.100 -1.405 1.149 -0.611 
1440.000 0.100 0.100 -1.405 1.150 -0.612 
1441.000 0.100 0.100 -1.405 1.150 -0.613 
1442.000 0.100 0.100 -1.405 1.150 -0.614 
1443.000 0.100 0.100 -1.405 1.150 -0.615 
1444.000 0.100 0.100 -1.405 1.150 -0.616 
1445.000 0.100 0.100 -1.405 1.150 -0.617 
1446.000 0.100 0.100 -1.405 1.151 -0.618 
1447.000 0.100 0.100 -1.405 1.151 -0.619 
1448.000 0.100 0.100 -1.405 1.151 -0.620 
1449.000 0.100 0.100 -1.405 1.151 -0.621 
1450.000 0.100 0.100 -1.405 1.151 -0.622 
1451.000 0.100 0.100 -1.405 1.151 -0.623 
1452.000 0.100 0.100 -1.405 1.152 -0.624 
1453.000 0.100 0.100 -1.405 1.152 -0.625 
1454.000 0.100 0.100 -1.405 1.152 -0.626 
1455.000 0.100 0.100 -1.405 1.152 -0.627 
1456.000 0.100 0.100 -1.405 1.152 -0.628 
1457.000 0.100 0.100 -1.405 1.152 -0.629 
1458.000 0.100 0.100 -1.405 1.153 -0.630 
1459.000 0.100 0.100 -1.405 1.153 -0.631 
1460.000 0.100 0.100 -1.405 1.153 -0.632 
1461.000 0.100 0.100 -1.405 1.153 -0.633 
1462.000 0.100 0.100 -1.405 1.153 -0.634 
1463.000 0.100 0.100 -1.405 1.153 -0.635 
1464.000 0.100 0.100 -1.405 1.154 -0.636 
1465.000 0.100 0.100 -1.405 1.154 -0.637 
1466.000 0.100 0.100 -1.405 1.154 -0.638 
1467.000 0.100 0.100 -1.405 1.154 -0.639 
1468.000 0.100 0.100 -1.405 1.154 -0.640 
1469.000 0.100 0.100 -1.405 1.154 -0.641 
1470.000 0.100 0.100 -1.405 1.155 -0.642 
1471.000 0.100 0.100 -1.405 1.155 -0.643 
1472.000 0.100 0.100 -1.405 1.155 -0.643 
1473.000 0.100 0.100 -1.405 1.155 -0.644 
1474.000 0.100 0.100 -1.405 1.155 -0.645 
1475.000 0.100 0.100 -1.405 1.155 -0.646 
1476.000 0.100 0.100 -1.405 1.156 -0.647 
1477.000 0.100 0.100 -1.405 1.156 -0.648 
1478.000 0.100 0.100 -1.405 1.156 -0.649 
1479.000 0.100 0.100 -1.405 1.156 -0.650 
1480.000 0.100 0.100 -1.405 1.156 -0.651 
1481.000 0.100 0.100 -1.405 1.156 -0.652 
1482.000 0.100 0.100 -1.405 1.157 -0.653 
1483.000 0.100 0.100 -1.405 1.157 -0.654 
1484.000 0.100 0.100 -1.405 1.157 -0.655 
1485.000 0.100 0.100 -1.405 1.157 -0.656 
1486.000 0.100 0.100 -1.405 1.157 -0.657 
1487.000 0.100 0.100 -1.405 1.157 -0.658 
1488.000 0.100 0.100 -1.405 1.158 -0.659 
1489.000 0.100 0.100 -1.405 1.158 -0.660 
1490.000 0.100 0.100 -1.405 1.158 -0.661 
1491.000 0.100 0.100 -1.405 1.158 -0.662 
1492.000 0.100 0.100 -1.405 1.158 -0.663 
1493.000 0.100 0.100 -1.405 1.158 -0.664 
1494.000 0.100 0.100 -1.405 1.159 -0.665 
1495.000 0.100 0.100 -1.405 1.159 -0.666 
1496.000 0.100 0.100 -1.405 1.159 -0.667 
1497.000 0.100 0.100 -1.405 1.159 -0.668 
1498.000 0.100 0.100 -1.405 1.159 -0.669 
1499.000 0.100 0.100 -1.405 1.159 -0.670 
1500.000 0.100 0.100 -1.405 1.160 -0.671 
1501.000 0.100 0.100 -1.405 1.160 -0.672 
1502.000 0.100 0.100 -1.405 1.160 -0.673 
1503.000 0.100 0.100 -1.405 1.160 -0.674 
1504.000 0.100 0.100 -1.405 1.160 -0.675 
1505.000 0.100 0.100 -1.405 1.160 -0.676 
1506.000 0.100 0.100 -1.405 1.161 -0.677 
1507.000 0.100 0.100 -1.405 1.161 -0.678 
1508.000 0.100 0.100 -1.405 1.161 -0.679 
1509.000 0.100 0.100 -1.405 1.161 -0.680 
1510.000 0.100 0.100 -1.405 1.161 -0.681 
1511.000 0.100 0.100 -1.405 1.161 -0.682 
1512.000 0.100 0.100 -1.405 1.162 -0.683 
1513.000 0.100 0.100 -1.405 1.162 -0.684 
1514.000 0.100 0.100 -1.405 1.162 -0.685 
1515.000 0.100 0.100 -1.405 1.162 -0.686 
1516.000 0.100 0.100 -1.405 1.162 -0.687 
1517.000 0.100 0.100 -1.405 1.162 -0.688 
1518.000 0.100 0.100 -1.405 1.162 -0.689 
1519.000 0.100 0.100 -1.405 1.163 -0.690 
1520.000 0.100 0.100 -1.405 1.163 -0.691 
1521.000 0.100 0.100 -1.405 1.163 -0.692 
1522.000 0.100 0.100 -1.405 1.163 -0.693 
1523.000 0.100 0.100 -1.405 1.163 -0.694 
1524.000 0.100 0.100 -1.405 1.163 -0.695 
1525.000 0.100 0.100 -1.405 1.164 -0.696 
1526.000 0.100 0.100 -1.405 1.164 -0.697 
1527.000 0.100 0.100 -1.405 1.164 -0.698 
1528.000 0.100 0.100 -1.405 1.164 -0.699 
1529.000 0.100 0.100 -1.405 1.164 -0.700 
1530.000 0.100 0.100 -1.405 1.164 -0.701 
1531.000 0.100 0.100 -1.405 1.165 -0.702 
1532.000 0.100 0.100 -1.405 1.165 -0.703 
1533.000 0.100 0.100 -1.405 1.165 -0.704 
1534.000 0.100 0.100 -1.405 1.165 -0.705 
1535.000 0.100 0.100 -1.405 1.165 -0.706 
1536.000 0.100 0.100 -1.405 1.165 -0.707 
1537.000 0.100 0.100 -1.405 1.166 -0.708 
1538.000 0.100 0.100 -1.405 1.166 -0.709 
1539.000 0.100 0.100 -1.405 1.166 -0.710 
1540.000 0.100 0.100 -1.405 1.166 -0.711 
1541.000 0.725 -0.525 -1.405 1.166 -0.712 
1542.000 0.725 -0.525 -1.405 1.166 -0.713 
1543.000 0.725 -0.525 -1.453 1.167 -0.714 
1544.000 0.100 0.100 -1.501 1.167 -0.715 
1545.000 0.100 0.100 -1.550 1.167 -0.716 
1546.000 0.100 0.100 -1.550 1.167 -0.717 
1547.000 0.100 0.100 -1.550 1.167 -0.718 
1548.000 0.100 0.100 -1.550 1.167 -0.719 
1549.000 0.100 0.100 -1.550 1.167 -0.720 
1550.000 0.100 0.100 -1.550 1.167 -0.721 
1551.000 0.100 0.100 -1.550 1.167 -0.721 
1552.000 0.100 0.100 -1.550 1.167 -0.723 
1553.000 0.100 0.100 -1.550 1.167 -0.723 
1554.000 0.100 0.100 -1.550 1.167 -0.725 
1555.000 0.100 0.100 -1.550 1.167 -0.726 
1556.000 0.100 0.100 -1.550 1.167 -0.727 
1557.000 0.100 0.100 -1.550 1.167 -0.728 
1558.000 0.100 0.100 -1.550 1.167 -0.729 
1559.000 0.100 0.100 -1.550 1.167 -0.730 
1560.000 0.100 0.100 -1.550 1.167 -0.731 
1561.000 0.100 0.100 -1.550 1.167 -0.732 
1562.000 0.100 0.100 -1.550 1.167 -0.733 
1563.000 0.100 0.100 -1.550 1.167 -0.734 
1564.000 0.100 0.100 -1.550 1.167 -0.735 
1565.000 0.100 0.100 -1.550 1.167 -0.736 
1566.000 0.100 0.100 -1.550 1.167 -0.737 
1567.000 0.100 0.100 -1.550 1.167 -0.738 
1568.000 0.100 0.100 -1.550 1.167 -0.739 
1569.000 0.100 0.100 -1.550 1.167 -0.740 
1570.000 0.100 0.100 -1.550 1.167 -0.740 
1571.000 0.100 0.100 -1.550 1.167 -0.742 
1572.000 0.100 0.100 -1.550 1.167 -0.742 
1573.000 0.100 0.100 -1.550 1.167 -0.744 
1574.000 0.100 0.100 -1.550 1.167 -0.744 
1575.000 0.100 0.100 -1.550 1.167 -0.746 
1576.000 0.100 0.100 -1.550 1.167 -0.746 
1577.000 0.100 0.100 -1.550 1.167 -0.748 
1578.000 0.100 0.100 -1.550 1.167 -0.749 
1579.000 0.100 0.100 -1.550 1.167 -0.750 
1580.000 0.100 0.100 -1.550 1.167 -0.751 
1581.000 0.100 0.100 -1.550 1.167 -0.752 
1582.000 0.100 0.100 -1.550 1.167 -0.753 
1583.000 0.100 0.100 -1.550 1.167 -0.754 
1584.000 0.100 0.100 -1.550 1.167 -0.755 
1585.000 0.100 0.100 -1.550 1.167 -0.756 
1586.000 0.100 0.100 -1.550 1.168 -0.757 
1587.000 0.100 0.100 -1.550 1.168 -0.758 
1588.000 0.100 0.100 -1.550 1.168 -0.759 
1589.000 0.100 0.100 -1.550 1.168 -0.759 
1590.000 0.100 0.100 -1.550 1.168 -0.761 
1591.000 0.100 0.100 -1.550 1.168 -0.761 
1592.000 0.100 0.100 -1.550 1.168 -0.763 
1593.000 0.100 0.100 -1.550 1.168 -0.763 
1594.000 0.100 0.100 -1.550 1.168 -0.765 
1595.000 0.100 0.100 -1.550 1.168 -0.765 
1596.000 0.100 0.100 -1.550 1.168 -0.767 
1597.000 0.100 0.100 -1.550 1.168 -0.767 
1598.000 0.100 0.100 -1.550 1.168 -0.769 
1599.000 0.100 0.100 -1.550 1.168 -0.769 
1600.000 0.100 0.100 -1.550 1.168 -0.771 
1601.000 0.100 0.100 -1.550 1.168 -0.772 
1602.000 0.100 0.100 -1.550 1.168 -0.773 
1603.000 0.100 0.100 -1.550 1.168 -0.774 
1604.000 0.100 0.100 -1.550 1.168 -0.775 
1605.000 0.100 0.100 -1.550 1.168 -0.776 
1606.000 0.100 0.100 -1.550 1.168 -0.777 
1607.000 0.100 0.100 -1.550 1.168 -0.778 
1608.000 0.100 0.100 -1.550 1.168 -0.778 
1609.000 0.100 0.100 -1.550 1.168 -0.780 
1610.000 0.100 0.100 -1.550 1.168 -0.780 
1611.000 0.100 0.100 -1.550 1.168 -0.782 
1612.000 0.100 0.100 -1.550 1.168 -0.782 
1613.000 0.100 0.100 -1.550 1.168 -0.784 
1614.000 0.100 0.100 -1.550 1.168 -0.784 
1615.000 0.100 0.100 -1.550 1.168 -0.786 
1616.000 0.100 0.100 -1.550 1.168 -0.786 
1617.000 0.100 0.100 -1.550 1.168 -0.788 
1618.000 0.100 0.100 -1.550 1.168 -0.788 
1619.000 0.100 0.100 -1.550 1.168 -0.790 
1620.000 0.100 0.100 -1.550 1.168 -0.790 
1621.000 0.100 0.100 -1.550 1.168 -0.792 
1622.000 0.100 0.100 -1.550 1.168 -0.792 
1623.000 0.100 0.100 -1.550 1.168 -0.794 
1624.000 0.100 0.100 -1.550 1.168 -0.795 
1625.000 0.100 0.100 -1.550 1.168 -0.796 
1626.000 0.100 0.100 -1.550 1.168 -0.797 
1627.000 0.100 0.100 -1.550 1.168 -0.797 
1628.000 0.100 0.100 -1.550 1.168 -0.799 
1629.000 0.100 0.100 -1.550 1.168 -0.799 
1630.000 0.100 0.100 -1.550 1.168 -0.801 
1631.000 0.100 0.100 -1.550 1.168 -0.801 
1632.000 0.100 0.100 -1.550 1.168 -0.803 
1633.000 0.100 0.100 -1.550 1.168 -0.803 
1634.000 0.100 0.100 -1.550 1.169 -0.805 
1635.000 0.100 0.100 -1.550 1.169 -0.805 
1636.000 0.100 0.100 -1.550 1.169 -0.807 
1637.000 0.100 0.100 -1.550 1.169 -0.807 
1638.000 0.100 0.100 -1.550 1.169 -0.809 
1639.000 0.100 0.100 -1.550 1.169 -0.809 
1640.000 0.100 0.100 -1.550 1.169 -0.811 
1641.000 0.100 0.100 -1.550 1.169 -0.811 
1642.000 0.100 0.100 -1.550 1.169 -0.813 
1643.000 0.100 0.100 -1.550 1.169 -0.813 
1644.000 0.100 0.100 -1.550 1.169 -0.815 
1645.000 0.100 0.100 -1.550 1.169 -0.815 
1646.000 0.100 0.100 -1.550 1.169 -0.816 
1647.000 0.100 0.100 -1.550 1.169 -0.818 
1648.000 0.100 0.100 -1.550 1.169 -0.818 
1649.000 0.100 0.100 -1.550 1.169 -0.820 
1650.000 0.100 0.100 -1.550 1.169 -0.820 
1651.000 0.100 0.100 -1.550 1.169 -0.822 
1652.000 0.100 0.100 -1.550 1.169 -0.822 
1653.000 0.100 0.100 -1.550 1.169 -0.824 
1654.000 0.100 0.100 -1.550 1.169 -0.824 
1655.000 0.100 0.100 -1.550 1.169 -0.826 
1656.000 0.100 0.100 -1.550 1.169 -0.828 
1657.000 0.100 0.100 -1.550 1.169 -0.828 
1658.000 0.100 0.100 -1.550 1.169 -0.830 
1659.000 0.100 0.100 -1.550 1.169 -0.830 
1660.000 0.100 0.100 -1.550 1.169 -0.832 
1661.000 0.100 0.100 -1.550 1.169 -0.832 
1662.000 0.100 0.100 -1.550 1.169 -0.834 
1663.000 0.100 0.100 -1.550 1.169 -0.834 
1664.000 0.100 0.100 -1.550 1.169 -0.835 
1665.000 0.100 0.100 -1.550 1.169 -0.836 
1666.000 0.100 0.100 -1.550 1.169 -0.837 
1667.000 0.100 0.100 -1.550 1.169 -0.838 
1668.000 0.100 0.100 -1.550 1.169 -0.839 
1669.000 0.100 0.100 -1.550 1.169 -0.841 
1670.000 0.100 0.100 -1.550 1.169 -0.841 
1671.000 0.100 0.100 -1.550 1.169 -0.843 
1672.000 0.100 0.100 -1.550 1.169 -0.843 
1673.000 0.100 0.100 -1.550 1.169 -0.845 
1674.000 0.100 0.100 -1.550 1.169 -0.845 
1675.000 0.100 0.100 -1.550 1.169 -0.847 
1676.000 0.100 0.100 -1.550 1.169 -0.847 
1677.000 0.100 0.100 -1.550 1.169 -0.849 
1678.000 0.100 0.100 -1.550 1.169 -0.849 
1679.000 0.100 0.100 -1.550 1.169 -0.851 
1680.000 0.100 0.100 -1.550 1.169 -0.851 
1681.000 0.100 0.100 -1.550 1.170 -0.853 
1682.000 0.100 0.100 -1.550 1.170 -0.853 
1683.000 0.100 0.100 -1.550 1.170 -0.854 
1684.000 0.100 0.100 -1.550 1.170 -0.856 
1685.000 0.100 0.100 -1.550 1.170 -0.857 
1686.000 0.100 0.100 -1.550 1.170 -0.858 
1687.000 0.100 0.100 -1.550 1.170 -0.859 
1688.000 0.100 0.100 -1.550 1.170 -0.860 
1689.000 0.100 0.100 -1.550 1.170 -0.861 
1690.000 0.100 0.100 -1.550 1.170 -0.862 
1691.000 0.100 0.100 -1.550 1.170 -0.864 
1692.000 0.100 0.100 -1.550 1.170 -0.864 
1693.000 0.100 0.100 -1.550 1.170 -0.866 
1694.000 0.100 0.100 -1.550 1.170 -0.866 
1695.000 0.100 0.100 -1.550 1.170 -0.868 
1696.000 0.100 0.100 -1.550 1.170 -0.868 
1697.000 0.100 0.100 -1.550 1.170 -0.870 
1698.000 0.100 0.100 -1.550 1.170 -0.870 
1699.000 0.100 0.100 -1.550 1.170 -0.872 
1700.000 0.100 0.100 -1.550 1.170 -0.872 
1701.000 0.100 0.100 -1.550 1.170 -0.873 
1702.000 0.100 0.100 -1.550 1.170 -0.874 
1703.000 0.100 0.100 -1.550 1.170 -0.875 
1704.000 0.100 0.100 -1.550 1.170 -0.876 
1705.000 0.100 0.100 -1.550 1.170 -0.877 
1706.000 0.100 0.100 -1.550 1.170 -0.878 
1707.000 0.100 0.100 -1.550 1.170 -0.879 
1708.000 0.100 0.100 -1.550 1.170 -0.880 
1709.000 0.100 0.100 -1.550 1.170 -0.881 
1710.000 0.100 0.100 -1.550 1.170 -0.882 
1711.000 0.100 0.100 -1.550 1.170 -0.883 
1712.000 0.100 0.100 -1.550 1.170 -0.884 
1713.000 0.100 0.100 -1.550 1.170 -0.885 
1714.000 0.100 0.100 -1.550 1.170 -0.887 
1715.000 0.100 0.100 -1.550 1.170 -0.887 
1716.000 0.100 0.100 -1.550 1.170 -0.889 
1717.000 0.100 0.100 -1.550 1.170 -0.889 
1718.000 0.100 0.100 -1.550 1.170 -0.891 
1719.000 0.100 0.100 -1.550 1.170 -0.891 
1720.000 0.100 0.100 -1.550 1.170 -0.892 
1721.000 0.100 0.100 -1.550 1.170 -0.893 
1722.000 0.100 0.100 -1.550 1.170 -0.894 
1723.000 0.100 0.100 -1.550 1.170 -0.895 
1724.000 0.100 0.100 -1.550 1.170 -0.896 
1725.000 0.100 0.100 -1.550 1.170 -0.897 
1726.000 0.100 0.100 -1.550 1.170 -0.898 
1727.000 0.100 0.100 -1.550 1.170 -0.899 
1728.000 0.100 0.100 -1.550 1.170 -0.900 
1729.000 0.100 0.100 -1.550 1.171 -0.901 
1730.000 0.100 0.100 -1.550 1.171 -0.902 
1731.000 0.100 0.100 -1.550 1.171 -0.903 
1732.000 0.100 0.100 -1.550 1.171 -0.904 
1733.000 0.100 0.100 -1.550 1.171 -0.905 
1734.000 0.100 0.100 -1.550 1.171 -0.906 
1735.000 0.100 0.100 -1.550 1.171 -0.907 
1736.000 0.100 0.100 -1.550 1.171 -0.908 
1737.000 0.100 0.100 -1.550 1.171 -0.910 
1738.000 0.100 0.100 -1.550 1.171 -0.910 
1739.000 0.100 0.100 -1.550 1.171 -0.911 
1740.000 0.100 0.100 -1.550 1.171 -0.912 
1741.000 0.100 0.100 -1.550 1.171 -0.913 
1742.000 0.100 0.100 -1.550 1.171 -0.914 
1743.000 0.100 0.100 -1.550 1.171 -0.915 
1744.000 0.100 0.100 -1.550 1.171 -0.916 
1745.000 0.100 0.100 -1.550 1.171 -0.917 
1746.000 0.100 0.100 -1.550 1.171 -0.918 
1747.000 0.100 0.100 -1.550 1.171 -0.919 
1748.000 0.100 0.100 -1.550 1.171 -0.920 
1749.000 0.100 0.100 -1.550 1.171 -0.921 
1750.000 0.100 0.100 -1.550 1.171 -0.922 
1751.000 0.100 0.100 -1.550 1.171 -0.923 
1752.000 0.100 0.100 -1.550 1.171 -0.924 
1753.000 0.100 0.100 -1.550 1.171 -0.925 
1754.000 0.100 0.100 -1.550 1.171 -0.926 
1755.000 0.100 0.100 -1.550 1.171 -0.927 
1756.000 0.100 0.100 -1.550 1.171 -0.928 
1757.000 0.100 0.100 -1.550 1.171 -0.929 
1758.000 0.100 0.100 -1.550 1.171 -0.930 
1759.000 0.100 0.100 -1.550 1.171 -0.931 
1760.000 0.100 0.100 -1.550 1.171 -0.932 
1761.000 0.100 0.100 -1.550 1.171 -0.933 
1762.000 0.100 0.100 -1.550 1.171 -0.934 
1763.000 0.100 0.100 -1.550 1.171 -0.935 
1764.000 0.100 0.100 -1.550 1.171 -0.936 
1765.000 0.100 0.100 -1.550 1.171 -0.937 
1766.000 0.100 0.100 -1.550 1.171 -0.938 
1767.000 0.100 0.100 -1.550 1.171 -0.939 
1768.000 0.100 0.100 -1.550 1.171 -0.940 
1769.000 0.100 0.100 -1.550 1.171 -0.941 
1770.000 0.100 0.100 -1.550 1.171 -0.942 
1771.000 0.100 0.100 -1.550 1.171 -0.943 
1772.000 0.100 0.100 -1.550 1.171 -0.944 
1773.000 0.100 0.100 -1.550 1.171 -0.945 
1774.000 0.100 0.100 -1.550 1.171 -0.946 
1775.000 0.100 0.100 -1.550 1.171 -0.947 
1776.000 0.100 0.100 -1.550 1.171 -0.948 
1777.000 0.100 0.100 -1.550 1.172 -0.949 
1778.000 0.100 0.100 -1.550 1.172 -0.950 
1779.000 0.100 0.100 -1.550 1.172 -0.951 
1780.000 0.100 0.100 -1.550 1.172 -0.952 
1781.000 0.100 0.100 -1.550 1.172 -0.953 
1782.000 0.100 0.100 -1.550 1.172 -0.954 
1783.000 0.100 0.100 -1.550 1.172 -0.955 
1784.000 0.100 0.100 -1.550 1.172 -0.956 
1785.000 0.100 0.100 -1.550 1.172 -0.957 
1786.000 0.100 0.100 -1.550 1.172 -0.958 
1787.000 0.100 0.100 -1.550 1.172 -0.959 
1788.000 0.100 0.100 -1.550 1.172 -0.960 
1789.000 0.100 0.100 -1.550 1.172 -0.961 
1790.000 0.100 0.100 -1.550 1.172 -0.962 
1791.000 0.100 0.100 -1.550 1.172 -0.963 
1792.000 0.100 0.100 -1.550 1.172 -0.964 
1793.000 0.100 0.100 -1.550 1.172 -0.965 
1794.000 0.100 0.100 -1.550 1.172 -0.966 
1795.000 0.100 0.100 -1.550 1.172 -0.967 
1796.000 0.100 0.100 -1.550 1.172 -0.968 
1797.000 0.100 0.100 -1.550 1.172 -0.969 
1798.000 0.100 0.100 -1.550 1.172 -0.970 
1799.000 0.100 0.100 -1.550 1.172 -0.971 
1800.000 0.100 0.100 -1.550 1.172 -0.972 
1801.000 0.100 0.100 -1.550 1.172 -0.973 
1802.000 0.100 0.100 -1.550 1.172 -0.974 
1803.000 0.100 0.100 -1.550 1.172 -0.975 
1804.000 0.100 0.100 -1.550 1.172 -0.976 
1805.000 0.100 0.100 -1.550 1.172 -0.977 
1806.000 0.100 0.100 -1.550 1.172 -0.978 
1807.000 0.100 0.100 -1.550 1.172 -0.979 
1808.000 0.100 0.100 -1.550 1.172 -0.980 
1809.000 0.100 0.100 -1.550 1.172 -0.981 
1810.000 0.100 0.100 -1.550 1.172 -0.982 
1811.000 0.100 0.100 -1.550 1.172 -0.983 
1812.000 0.100 0.100 -1.550 1.172 -0.984 
1813.000 0.100 0.100 -1.550 1.172 -0.985 
1814.000 0.100 0.100 -1.550 1.172 -0.986 
1815.000 0.100 0.100 -1.550 1.172 -0.987 
1816.000 0.100 0.100 -1.550 1.172 -0.988 
1817.000 0.100 0.100 -1.550 1.172 -0.989 
1818.000 0.100 0.100 -1.550 1.172 -0.990 
1819.000 0.100 0.100 -1.550 1.172 -0.991 
1820.000 0.100 0.100 -1.550 1.172 -0.992 
1821.000 0.100 0.100 -1.550 1.172 -0.993 
1822.000 0.100 0.100 -1.550 1.172 -0.994 
1823.000 0.100 0.100 -1.550 1.172 -0.995 
1824.000 0.100 0.100 -1.550 1.172 -0.996 
1825.000 0.100 0.100 -1.550 1.173 -0.997 
1826.000 0.100 0.100 -1.550 1.173 -0.998 
1827.000 0.100 0.100 -1.550 1.173 -0.999 
1828.000 0.100 0.100 -1.550 1.173 -1.000 
1829.000 0.100 0.100 -1.550 1.173 -1.001 
1830.000 0.100 0.100 -1.550 1.173 -1.002 
1831.000 0.100 0.100 -1.550 1.173 -1.003 
1832.000 0.100 0.100 -1.550 1.173 -1.004 
1833.000 0.100 0.100 -1.550 1.173 -1.005 
1834.000 0.100 0.100 -1.550 1.173 -1.006 
1835.000 0.100 0.100 -1.550 1.173 -1.007 
1836.000 0.100 0.100 -1.550 1.173 -1.008 
1837.000 0.100 0.100 -1.550 1.173 -1.009 
1838.000 0.100 0.100 -1.550 1.173 -1.010 
1839.000 0.100 0.100 -1.550 1.173 -1.011 
1840.000 0.100 0.100 -1.550 1.173 -1.012 
1841.000 0.100 0.100 -1.550 1.173 -1.013 
1842.000 0.100 0.100 -1.550 1.173 -1.014 
1843.000 0.100 0.100 -1.550 1.173 -1.015 
1844.000 0.100 0.100 -1.550 1.173 -1.016 
1845.000 0.100 0.100 -1.550 1.173 -1.017 
1846.000 0.100 0.100 -1.550 1.173 -1.018 
1847.000 0.100 0.100 -1.550 1.173 -1.019 
1848.000 0.100 0.100 -1.550 1.173 -1.020 
1849.000 0.100 0.100 -1.550 1.173 -1.021 
1850.000 0.100 0.100 -1.550 1.173 -1.022 
1851.000 0.100 0.100 -1.550 1.173 -1.023 
1852.000 0.100 0.100 -1.550 1.173 -1.024 
1853.000 0.100 0.100 -1.550 1.173 -1.025 
1854.000 0.100 0.100 -1.550 1.173 -1.026 
1855.000 0.100 0.100 -1.550 1.173 -1.027 
1856.000 0.100 0.100 -1.550 1.173 -1.028 
1857.000 0.100 0.100 -1.550 1.173 -1.029 
1858.000 0.100 0.100 -1.550 1.173 -1.030 
1859.000 0.100 0.100 -1.550 1.173 -1.031 
1860.000 0.100 0.100 -1.550 1.173 -1.032 
1861.000 0.100 0.100 -1.550 1.173 -1.033 
1862.000 0.100 0.100 -1.550 1.173 -1.034 
1863.000 0.100 0.100 -1.550 1.173 -1.035 
1864.000 0.100 0.100 -1.550 1.173 -1.036 
1865.000 0.100 0.100 -1.550 1.173 -1.037 
1866.000 0.100 0.100 -1.550 1.173 -1.038 
1867.000 0.100 0.100 -1.550 1.173 -1.039 
1868.000 0.100 0.100 -1.550 1.173 -1.040 
1869.000 0.100 0.100 -1.550 1.173 -1.041 
1870.000 0.100 0.100 -1.550 1.173 -1.042 
1871.000 0.100 0.100 -1.550 1.173 -1.043 
1872.000 0.100 0.100 -1.550 1.173 -1.044 
1873.000 0.100 0.100 -1.550 1.173 -1.045 
1874.000 0.100 0.100 -1.550 1.174 -1.046 
1875.000 0.100 0.100 -1.550 1.174 -1.047 
1876.000 0.100 0.100 -1.550 1.174 -1.048 
1877.000 0.100 0.100 -1.550 1.174 -1.049 
1878.000 0.100 0.100 -1.550 1.174 -1.050 
1879.000 0.100 0.100 -1.550 1.174 -1.051 
1880.000 0.100 0.100 -1.550 1.174 -1.052 
1881.000 0.100 0.100 -1.550 1.174 -1.053 
1882.000 0.100 0.100 -1.550 1.174 -1.054 
1883.000 0.100 0.100 -1.550 1.174 -1.055 
1884.000 0.100 0.100 -1.550 1.174 -1.056 
1885.000 0.100 0.100 -1.550 1.174 -1.057 
1886.000 0.100 0.100 -1.550 1.174 -1.058 
1887.000 0.100 0.100 -1.550 1.174 -1.059 
1888.000 0.100 0.100 -1.550 1.174 -1.060 
1889.000 0.100 0.100 -1.550 1.174 -1.061 
1890.000 0.100 0.100 -1.550 1.174 -1.062 
1891.000 0.100 0.100 -1.550 1.174 -1.063 
1892.000 0.100 0.100 -1.550 1.174 -1.064 
1893.000 0.100 0.100 -1.550 1.174 -1.065 
1894.000 0.100 0.100 -1.550 1.174 -1.066 
1895.000 0.100 0.100 -1.550 1.174 -1.067 
1896.000 0.100 0.100 -1.550 1.174 -1.068 
1897.000 0.100 0.100 -1.550 1.174 -1.069 
1898.000 0.100 0.100 -1.550 1.174 -1.070 
1899.000 0.100 0.100 -1.550 1.174 -1.071 
1900.000 0.100 0.100 -1.550 1.174 -1.072 
1901.000 0.100 0.100 -1.550 1.174 -1.073 
1902.000 0.100 0.100 -1.550 1.174 -1.074 
1903.000 0.100 0.100 -1.550 1.174 -1.075 
1904.000 0.100 0.100 -1.550 1.174 -1.076 
1905.000 0.100 0.100 -1.550 1.174 -1.077 
1906.000 0.100 0.100 -1.550 1.174 -1.078 
1907.000 0.100 0.100 -1.550 1.174 -1.079 
1908.000 0.100 0.100 -1.550 1.174 -1.080 
1909.000 0.100 0.100 -1.550 1.174 -1.081 
1910.000 0.100 0.100 -1.550 1.174 -1.082 
1911.000 0.100 0.100 -1.550 1.174 -1.083 
1912.000 0.100 0.100 -1.550 1.174 -1.084 
1913.000 0.100 0.100 -1.550 1.174 -1.085 
1914.000 0.100 0.100 -1.550 1.174 -1.086 
1915.000 0.100 0.100 -1.550 1.174 -1.087 
1916.000 0.100 0.100 -1.550 1.174 -1.088 
1917.000 0.100 0.100 -1.550 1.174 -1.089 
1918.000 0.100 0.100 -1.550 1.174 -1.090 
1919.000 0.100 0.100 -1.550 1.174 -1.091 
1920.000 0.100 0.100 -1.550 1.174 -1.092 
1921.000 0.100 0.100 -1.550 1.174 -1.093 
1922.000 0.100 0.100 -1.550 1.175 -1.094 
1923.000 0.100 0.100 -1.550 1.175 -1.096 
1924.000 0.100 0.100 -1.550 1.175 -1.097 
1925.000 0.100 0.100 -1.550 1.175 -1.098 
1926.000 0.100 0.100 -1.550 1.175 -1.099 
1927.000 0.100 0.100 -1.550 1.175 -1.100 
1928.000 0.100 0.100 -1.550 1.175 -1.101 
1929.000 0.100 0.100 -1.550 1.175 -1.102 
1930.000 0.100 0.100 -1.550 1.175 -1.103 
1931.000 0.100 0.100 -1.550 1.175 -1.104 
1932.000 0.100 0.100 -1.550 1.175 -1.105 
1933.000 0.100 0.100 -1.550 1.175 -1.106 
1934.000 0.100 0.100 -1.550 1.175 -1.107 
1935.000 0.100 0.100 -1.550 1.175 -1.108 
1936.000 0.100 0.100 -1.550 1.175 -1.109 
1937.000 0.100 0.100 -1.550 1.175 -1.110 
1938.000 0.100 0.100 -1.550 1.175 -1.111 
1939.000 0.100 0.100 -1.550 1.175 -1.112 
1940.000 0.100 0.100 -1.550 1.175 -1.113 
1941.000 0.100 0.100 -1.550 1.175 -1.114 
1942.000 0.100 0.100 -1.550 1.175 -1.115 
1943.000 0.100 0.100 -1.550 1.175 -1.116 
1944.000 0.100 0.100 -1.550 1.175 -1.117 
1945.000 0.100 0.100 -1.550 1.175 -1.118 
1946.000 0.100 0.100 -1.550 1.175 -1.119 
1947.000 0.100 0.100 -1.550 1.175 -1.120 
1948.000 0.100 0.100 -1.550 1.175 -1.121 
1949.000 0.100 0.100 -1.550 1.175 -1.122 
1950.000 0.100 0.100 -1.550 1.175 -1.123 
1951.000 0.100 0.100 -1.550 1.175 -1.124 
1952.000 0.100 0.100 -1.550 1.175 -1.125 
1953.000 0.100 0.100 -1.550 1.175 -1.126 
1954.000 0.100 0.100 -1.550 1.175 -1.127 
1955.000 0.100 0.100 -1.550 1.175 -1.128 
1956.000 0.100 0.100 -1.550 1.175 -1.129 
1957.000 0.100 0.100 -1.550 1.175 -1.130 
1958.000 0.100 0.100 -1.550 1.175 -1.131 
1959.000 0.100 0.100 -1.550 1.175 -1.132 
1960.000 0.100 0.100 -1.550 1.175 -1.133 
1961.000 0.100 0.100 -1.550 1.175 -1.134 
1962.000 0.100 0.100 -1.550 1.175 -1.135 
1963.000 0.100 0.100 -1.550 1.175 -1.136 
1964.000 0.100 0.100 -1.550 1.175 -1.137 
1965.000 0.100 0.100 -1.550 1.175 -1.138 
1966.000 0.100 0.100 -1.550 1.175 -1.139 
1967.000 0.100 0.100 -1.550 1.175 -1.140 
1968.000 0.100 0.100 -1.550 1.175 -1.141 
1969.000 0.100 0.100 -1.550 1.176 -1.142 
1970.000 0.100 0.100 -1.550 1.176 -1.143 
1971.000 0.100 0.100 -1.550 1.176 -1.144 
1972.000 0.100 0.100 -1.550 1.176 -1.145 
1973.000 0.100 0.100 -1.550 1.176 -1.146 
1974.000 0.100 0.100 -1.550 1.176 -1.147 
1975.000 0.100 0.100 -1.550 1.176 -1.148 
1976.000 0.100 0.100 -1.550 1.176 -1.149 
1977.000 0.100 0.100 -1.550 1.176 -1.150 
1978.000 0.100 0.100 -1.550 1.176 -1.151 
1979.000 0.100 0.100 -1.550 1.176 -1.152 
1980.000 0.100 0.100 -1.550 1.176 -1.153 
1981.000 0.100 0.100 -1.550 1.176 -1.154 
1982.000 0.100 0.100 -1.550 1.176 -1.155 
1983.000 0.100 0.100 -1.550 1.176 -1.156 
1984.000 0.100 0.100 -1.550 1.176 -1.157 
1985.000 0.100 0.100 -1.550 1.176 -1.158 
1986.000 0.100 0.100 -1.550 1.176 -1.159 
1987.000 0.100 0.100 -1.550 1.176 -1.160 
1988.000 0.100 0.100 -1.550 1.176 -1.161 
1989.000 0.100 0.100 -1.550 1.176 -1.162 
1990.000 0.100 0.100 -1.550 1.176 -1.163 
1991.000 0.100 0.100 -1.550 1.176 -1.164 
1992.000 0.100 0.100 -1.550 1.176 -1.165 
1993.000 0.100 0.100 -1.550 1.176 -1.166 
1994.000 0.100 0.100 -1.550 1.176 -1.167 
1995.000 0.100 0.100 -1.550 1.176 -1.168 
1996.000 0.100 0.100 -1.550 1.176 -1.169 
1997.000 0.000 0.000 -1.550 1.176 -1.170 
1998.000 0.000 0.000 -1.550 1.176 -1.171 
